Concatenation of several data files in RES2DINV
  5.0000
3
614
0
0
    800.0000,      5.0000,    1.000000      70.0740 
    805.0000,      5.0000,    1.000000      82.1330 
    810.0000,      5.0000,    1.000000      77.5230 
    815.0000,      5.0000,    1.000000      96.5110 
    820.0000,      5.0000,    1.000000     100.8600 
    825.0000,      5.0000,    1.000000     107.3800 
    830.0000,      5.0000,    1.000000      92.5910 
    835.0000,      5.0000,    1.000000      91.1700 
    840.0000,      5.0000,    1.000000      83.7550 
    845.0000,      5.0000,    1.000000      85.7330 
    850.0000,      5.0000,    1.000000      88.6940 
    855.0000,      5.0000,    1.000000      83.7360 
    860.0000,      5.0000,    1.000000      88.1590 
    865.0000,      5.0000,    1.000000      85.9210 
    870.0000,      5.0000,    1.000000      85.5740 
    875.0000,      5.0000,    1.000000      78.8020 
    880.0000,      5.0000,    1.000000      70.8200 
    885.0000,      5.0000,    1.000000      78.7920 
    890.0000,      5.0000,    1.000000      80.3230 
    895.0000,      5.0000,    1.000000      80.1550 
    900.0000,      5.0000,    1.000000      76.9890 
    905.0000,      5.0000,    1.000000      69.8870 
    910.0000,      5.0000,    1.000000      71.4740 
    915.0000,      5.0000,    1.000000      70.9060 
    920.0000,      5.0000,    1.000000      67.5200 
    925.0000,      5.0000,    1.000000      73.6010 
    930.0000,      5.0000,    1.000000      63.2390 
    935.0000,      5.0000,    1.000000      85.9280 
    940.0000,      5.0000,    1.000000     107.5700 
    945.0000,      5.0000,    1.000000     112.0700 
    950.0000,      5.0000,    1.000000     120.4100 
    955.0000,      5.0000,    1.000000     112.4600 
    960.0000,      5.0000,    1.000000      77.3560 
    965.0000,      5.0000,    1.000000      49.8720 
    970.0000,      5.0000,    1.000000      42.3760 
    975.0000,      5.0000,    1.000000      44.7190 
    980.0000,      5.0000,    1.000000      41.4170 
    985.0000,      5.0000,    1.000000      40.3500 
    990.0000,      5.0000,    1.000000      38.5270 
   1015.0000,      5.0000,    1.000000      39.1530 
   1020.0000,      5.0000,    1.000000      39.0060 
   1025.0000,      5.0000,    1.000000      38.7990 
   1030.0000,      5.0000,    1.000000      37.5350 
   1035.0000,      5.0000,    1.000000      35.3060 
   1040.0000,      5.0000,    1.000000      33.8080 
   1045.0000,      5.0000,    1.000000      33.5300 
   1050.0000,      5.0000,    1.000000      34.7280 
   1055.0000,      5.0000,    1.000000      34.6290 
   1060.0000,      5.0000,    1.000000      34.2770 
   1065.0000,      5.0000,    1.000000      34.3290 
   1070.0000,      5.0000,    1.000000      31.9050 
   1075.0000,      5.0000,    1.000000      30.8810 
   1080.0000,      5.0000,    1.000000      30.5500 
   1085.0000,      5.0000,    1.000000      30.9390 
    800.0000,      5.0000,    2.000000      84.9700 
    805.0000,      5.0000,    2.000000      95.1790 
    810.0000,      5.0000,    2.000000     106.8200 
    815.0000,      5.0000,    2.000000     120.3400 
    820.0000,      5.0000,    2.000000     122.0700 
    825.0000,      5.0000,    2.000000     127.4000 
    830.0000,      5.0000,    2.000000     127.6100 
    835.0000,      5.0000,    2.000000     114.0500 
    840.0000,      5.0000,    2.000000     107.5000 
    845.0000,      5.0000,    2.000000     103.9500 
    850.0000,      5.0000,    2.000000      96.1610 
    855.0000,      5.0000,    2.000000     106.0800 
    860.0000,      5.0000,    2.000000     104.8300 
    865.0000,      5.0000,    2.000000      85.4690 
    870.0000,      5.0000,    2.000000      86.5350 
    875.0000,      5.0000,    2.000000      80.6120 
    880.0000,      5.0000,    2.000000      82.3510 
    885.0000,      5.0000,    2.000000      91.0400 
    890.0000,      5.0000,    2.000000      78.0310 
    895.0000,      5.0000,    2.000000      89.0990 
    900.0000,      5.0000,    2.000000     111.5900 
    905.0000,      5.0000,    2.000000      93.4930 
    910.0000,      5.0000,    2.000000      84.3610 
    915.0000,      5.0000,    2.000000      68.7770 
    920.0000,      5.0000,    2.000000      97.4350 
    925.0000,      5.0000,    2.000000      88.3410 
    930.0000,      5.0000,    2.000000      93.7010 
    935.0000,      5.0000,    2.000000     104.2000 
    940.0000,      5.0000,    2.000000     114.2900 
    945.0000,      5.0000,    2.000000     143.9200 
    950.0000,      5.0000,    2.000000     158.4300 
    955.0000,      5.0000,    2.000000      84.0480 
    960.0000,      5.0000,    2.000000      63.7540 
    965.0000,      5.0000,    2.000000      48.4960 
    970.0000,      5.0000,    2.000000      41.7950 
    975.0000,      5.0000,    2.000000      36.9170 
    980.0000,      5.0000,    2.000000      38.3720 
    985.0000,      5.0000,    2.000000      35.9420 
   1000.0000,      5.0000,    2.000000      30.9750 
   1015.0000,      5.0000,    2.000000      42.8900 
   1020.0000,      5.0000,    2.000000      42.2710 
   1025.0000,      5.0000,    2.000000      43.0350 
   1030.0000,      5.0000,    2.000000      47.4310 
   1035.0000,      5.0000,    2.000000      49.7400 
   1040.0000,      5.0000,    2.000000      54.1350 
   1045.0000,      5.0000,    2.000000      42.9180 
   1050.0000,      5.0000,    2.000000      50.1270 
   1055.0000,      5.0000,    2.000000      51.8810 
   1060.0000,      5.0000,    2.000000      44.3270 
   1065.0000,      5.0000,    2.000000      43.2480 
   1070.0000,      5.0000,    2.000000      47.0520 
   1075.0000,      5.0000,    2.000000      41.5660 
   1080.0000,      5.0000,    2.000000      36.4990 
    800.0000,      5.0000,    3.000000      94.8030 
    805.0000,      5.0000,    3.000000     131.6100 
    810.0000,      5.0000,    3.000000     138.0300 
    815.0000,      5.0000,    3.000000     126.2300 
    820.0000,      5.0000,    3.000000     126.1400 
    825.0000,      5.0000,    3.000000     157.5000 
    830.0000,      5.0000,    3.000000     145.2600 
    835.0000,      5.0000,    3.000000     137.6500 
    840.0000,      5.0000,    3.000000     134.0300 
    845.0000,      5.0000,    3.000000     107.7300 
    850.0000,      5.0000,    3.000000     130.0800 
    855.0000,      5.0000,    3.000000     128.6500 
    860.0000,      5.0000,    3.000000     100.3600 
    865.0000,      5.0000,    3.000000      88.8470 
    870.0000,      5.0000,    3.000000      91.8600 
    875.0000,      5.0000,    3.000000      96.5780 
    880.0000,      5.0000,    3.000000      99.5660 
    885.0000,      5.0000,    3.000000      93.7020 
    890.0000,      5.0000,    3.000000      94.3730 
    895.0000,      5.0000,    3.000000     114.9700 
    900.0000,      5.0000,    3.000000     132.4900 
    905.0000,      5.0000,    3.000000     115.2200 
    910.0000,      5.0000,    3.000000      72.6930 
    915.0000,      5.0000,    3.000000     113.2700 
    920.0000,      5.0000,    3.000000     109.2300 
    925.0000,      5.0000,    3.000000     123.2000 
    930.0000,      5.0000,    3.000000     124.9500 
    935.0000,      5.0000,    3.000000      93.3840 
    940.0000,      5.0000,    3.000000     150.3900 
    945.0000,      5.0000,    3.000000     160.7600 
    950.0000,      5.0000,    3.000000      98.8180 
    955.0000,      5.0000,    3.000000      60.9290 
    960.0000,      5.0000,    3.000000      62.2960 
    965.0000,      5.0000,    3.000000      49.4660 
    970.0000,      5.0000,    3.000000      35.5090 
    975.0000,      5.0000,    3.000000      34.2610 
    980.0000,      5.0000,    3.000000      32.2920 
    995.0000,      5.0000,    3.000000      39.0610 
   1000.0000,      5.0000,    3.000000      32.8790 
   1015.0000,      5.0000,    3.000000      50.1630 
   1020.0000,      5.0000,    3.000000      48.5780 
   1025.0000,      5.0000,    3.000000      50.8790 
   1030.0000,      5.0000,    3.000000      66.1930 
   1035.0000,      5.0000,    3.000000      70.2540 
   1040.0000,      5.0000,    3.000000      65.2230 
   1045.0000,      5.0000,    3.000000      53.0500 
   1050.0000,      5.0000,    3.000000      67.3960 
   1055.0000,      5.0000,    3.000000      63.1580 
   1060.0000,      5.0000,    3.000000      51.5710 
   1065.0000,      5.0000,    3.000000      56.3070 
   1070.0000,      5.0000,    3.000000      57.6170 
   1075.0000,      5.0000,    3.000000      48.7440 
    800.0000,      5.0000,    4.000000     125.4900 
    805.0000,      5.0000,    4.000000     155.9100 
    810.0000,      5.0000,    4.000000     132.2200 
    815.0000,      5.0000,    4.000000     119.1400 
    820.0000,      5.0000,    4.000000     140.4400 
    825.0000,      5.0000,    4.000000     160.5400 
    830.0000,      5.0000,    4.000000     161.5900 
    835.0000,      5.0000,    4.000000     152.8400 
    840.0000,      5.0000,    4.000000     128.8500 
    845.0000,      5.0000,    4.000000     132.9500 
    850.0000,      5.0000,    4.000000     143.8600 
    855.0000,      5.0000,    4.000000     112.2500 
    860.0000,      5.0000,    4.000000      98.4850 
    865.0000,      5.0000,    4.000000      94.9390 
    870.0000,      5.0000,    4.000000     106.0100 
    875.0000,      5.0000,    4.000000     112.7000 
    880.0000,      5.0000,    4.000000      99.8710 
    885.0000,      5.0000,    4.000000     115.0300 
    890.0000,      5.0000,    4.000000     110.5600 
    895.0000,      5.0000,    4.000000     120.0500 
    900.0000,      5.0000,    4.000000     154.0600 
    905.0000,      5.0000,    4.000000      85.0300 
    910.0000,      5.0000,    4.000000     122.4000 
    915.0000,      5.0000,    4.000000     113.8800 
    920.0000,      5.0000,    4.000000     168.6300 
    925.0000,      5.0000,    4.000000     144.5600 
    930.0000,      5.0000,    4.000000     148.3300 
    940.0000,      5.0000,    4.000000     158.1700 
    945.0000,      5.0000,    4.000000      87.0010 
    950.0000,      5.0000,    4.000000      75.4720 
    955.0000,      5.0000,    4.000000      55.9250 
    960.0000,      5.0000,    4.000000      57.6820 
    965.0000,      5.0000,    4.000000      44.0780 
    970.0000,      5.0000,    4.000000      31.8700 
    975.0000,      5.0000,    4.000000      26.6190 
    990.0000,      5.0000,    4.000000      30.6670 
    995.0000,      5.0000,    4.000000      36.5910 
   1000.0000,      5.0000,    4.000000      40.9760 
   1015.0000,      5.0000,    4.000000      56.0740 
   1020.0000,      5.0000,    4.000000      52.6510 
   1025.0000,      5.0000,    4.000000      65.3710 
   1030.0000,      5.0000,    4.000000      83.4460 
   1035.0000,      5.0000,    4.000000      75.4300 
   1040.0000,      5.0000,    4.000000      71.4560 
   1045.0000,      5.0000,    4.000000      65.2020 
   1050.0000,      5.0000,    4.000000      73.3960 
   1055.0000,      5.0000,    4.000000      67.0700 
   1060.0000,      5.0000,    4.000000      60.1570 
   1065.0000,      5.0000,    4.000000      62.2840 
   1070.0000,      5.0000,    4.000000      62.2070 
    800.0000,     10.0000,    2.000000     142.4600 
    805.0000,     10.0000,    2.000000     128.1900 
    810.0000,     10.0000,    2.000000     120.2600 
    815.0000,     10.0000,    2.000000     130.9000 
    820.0000,     10.0000,    2.000000     150.9500 
    825.0000,     10.0000,    2.000000     163.7200 
    830.0000,     10.0000,    2.000000     149.1400 
    835.0000,     10.0000,    2.000000     137.4100 
    840.0000,     10.0000,    2.000000     138.0600 
    845.0000,     10.0000,    2.000000     128.9700 
    850.0000,     10.0000,    2.000000     109.5900 
    855.0000,     10.0000,    2.000000     100.7400 
    860.0000,     10.0000,    2.000000     100.8200 
    865.0000,     10.0000,    2.000000     109.4900 
    870.0000,     10.0000,    2.000000     111.9500 
    875.0000,     10.0000,    2.000000     109.2000 
    880.0000,     10.0000,    2.000000     119.1700 
    885.0000,     10.0000,    2.000000     113.9200 
    890.0000,     10.0000,    2.000000     117.7200 
    895.0000,     10.0000,    2.000000     126.7800 
    900.0000,     10.0000,    2.000000     123.7800 
    905.0000,     10.0000,    2.000000     133.2300 
    910.0000,     10.0000,    2.000000     132.8800 
    915.0000,     10.0000,    2.000000     176.0600 
    920.0000,     10.0000,    2.000000     168.4900 
    925.0000,     10.0000,    2.000000     167.6400 
    930.0000,     10.0000,    2.000000     137.4400 
    935.0000,     10.0000,    2.000000     112.8700 
    940.0000,     10.0000,    2.000000      77.0570 
    945.0000,     10.0000,    2.000000      69.4200 
    950.0000,     10.0000,    2.000000      58.6240 
    955.0000,     10.0000,    2.000000      51.0970 
    960.0000,     10.0000,    2.000000      44.7870 
    965.0000,     10.0000,    2.000000      31.5240 
    975.0000,     10.0000,    2.000000      40.8340 
    985.0000,     10.0000,    2.000000      31.4610 
    990.0000,     10.0000,    2.000000      35.4160 
    995.0000,     10.0000,    2.000000      41.0740 
   1005.0000,     10.0000,    2.000000      44.3990 
   1015.0000,     10.0000,    2.000000      59.1870 
   1020.0000,     10.0000,    2.000000      69.2330 
   1025.0000,     10.0000,    2.000000      81.2750 
   1030.0000,     10.0000,    2.000000      78.9230 
   1035.0000,     10.0000,    2.000000      77.7330 
   1040.0000,     10.0000,    2.000000      71.9260 
   1045.0000,     10.0000,    2.000000      70.4290 
   1050.0000,     10.0000,    2.000000      71.1350 
   1055.0000,     10.0000,    2.000000      65.8930 
   1060.0000,     10.0000,    2.000000      65.4890 
    800.0000,      5.0000,    5.000000     139.0800 
    805.0000,      5.0000,    5.000000     137.5100 
    810.0000,      5.0000,    5.000000     118.2500 
    815.0000,      5.0000,    5.000000     123.8800 
    820.0000,      5.0000,    5.000000     131.9900 
    825.0000,      5.0000,    5.000000     166.1300 
    830.0000,      5.0000,    5.000000     165.9400 
    835.0000,      5.0000,    5.000000     134.2800 
    840.0000,      5.0000,    5.000000     149.1900 
    845.0000,      5.0000,    5.000000     133.4100 
    850.0000,      5.0000,    5.000000     115.9700 
    855.0000,      5.0000,    5.000000     103.1100 
    860.0000,      5.0000,    5.000000     101.4000 
    865.0000,      5.0000,    5.000000     105.6300 
    870.0000,      5.0000,    5.000000     118.1400 
    875.0000,      5.0000,    5.000000     106.9800 
    880.0000,      5.0000,    5.000000     118.4400 
    885.0000,      5.0000,    5.000000     125.0300 
    890.0000,      5.0000,    5.000000     107.5800 
    895.0000,      5.0000,    5.000000     128.8800 
    900.0000,      5.0000,    5.000000     102.9900 
    905.0000,      5.0000,    5.000000     165.1200 
    910.0000,      5.0000,    5.000000     112.9600 
    915.0000,      5.0000,    5.000000     167.3600 
    920.0000,      5.0000,    5.000000     189.5900 
    925.0000,      5.0000,    5.000000     158.1200 
    930.0000,      5.0000,    5.000000     193.5300 
    940.0000,      5.0000,    5.000000      80.9670 
    945.0000,      5.0000,    5.000000      63.6430 
    950.0000,      5.0000,    5.000000      70.5740 
    955.0000,      5.0000,    5.000000      48.3080 
    960.0000,      5.0000,    5.000000      48.6200 
    965.0000,      5.0000,    5.000000      43.4900 
    970.0000,      5.0000,    5.000000      22.6420 
    985.0000,      5.0000,    5.000000      28.0480 
    990.0000,      5.0000,    5.000000      30.9840 
    995.0000,      5.0000,    5.000000      42.1440 
   1000.0000,      5.0000,    5.000000      43.5550 
   1015.0000,      5.0000,    5.000000      58.2930 
   1020.0000,      5.0000,    5.000000      64.1800 
   1025.0000,      5.0000,    5.000000      77.8800 
   1030.0000,      5.0000,    5.000000      84.1740 
   1035.0000,      5.0000,    5.000000      77.6700 
   1040.0000,      5.0000,    5.000000      85.2250 
   1045.0000,      5.0000,    5.000000      65.9130 
   1050.0000,      5.0000,    5.000000      72.9140 
   1055.0000,      5.0000,    5.000000      73.5590 
   1060.0000,      5.0000,    5.000000      63.0970 
   1065.0000,      5.0000,    5.000000      63.9310 
    800.0000,     10.0000,    3.000000     108.6000 
    805.0000,     10.0000,    3.000000     111.9400 
    810.0000,     10.0000,    3.000000     106.7600 
    815.0000,     10.0000,    3.000000     114.6600 
    820.0000,     10.0000,    3.000000     130.3800 
    825.0000,     10.0000,    3.000000     135.5000 
    830.0000,     10.0000,    3.000000     138.3000 
    835.0000,     10.0000,    3.000000     121.5100 
    840.0000,     10.0000,    3.000000      94.9670 
    845.0000,     10.0000,    3.000000      93.1900 
    850.0000,     10.0000,    3.000000     100.9300 
    855.0000,     10.0000,    3.000000     107.1900 
    860.0000,     10.0000,    3.000000     106.2100 
    865.0000,     10.0000,    3.000000     107.3500 
    870.0000,     10.0000,    3.000000     118.2800 
    875.0000,     10.0000,    3.000000     113.6400 
    880.0000,     10.0000,    3.000000     111.5900 
    885.0000,     10.0000,    3.000000      95.4320 
    890.0000,     10.0000,    3.000000     101.3100 
    895.0000,     10.0000,    3.000000     163.9900 
    900.0000,     10.0000,    3.000000     173.3800 
    905.0000,     10.0000,    3.000000     177.4900 
    910.0000,     10.0000,    3.000000     180.0900 
    915.0000,     10.0000,    3.000000     219.2900 
    920.0000,     10.0000,    3.000000     208.6900 
    925.0000,     10.0000,    3.000000     141.0000 
    930.0000,     10.0000,    3.000000      57.5340 
    935.0000,     10.0000,    3.000000      47.6240 
    940.0000,     10.0000,    3.000000      53.1190 
    945.0000,     10.0000,    3.000000      51.8990 
    950.0000,     10.0000,    3.000000      42.0660 
    955.0000,     10.0000,    3.000000      35.5630 
    975.0000,     10.0000,    3.000000      24.4340 
    980.0000,     10.0000,    3.000000      31.5420 
    985.0000,     10.0000,    3.000000      34.1250 
    990.0000,     10.0000,    3.000000      40.7940 
    995.0000,     10.0000,    3.000000      44.2910 
   1005.0000,     10.0000,    3.000000      44.8720 
   1015.0000,     10.0000,    3.000000      72.2600 
   1020.0000,     10.0000,    3.000000      71.5600 
   1025.0000,     10.0000,    3.000000      79.6760 
   1030.0000,     10.0000,    3.000000      83.2570 
   1040.0000,     10.0000,    3.000000      68.3920 
   1045.0000,     10.0000,    3.000000      70.0220 
   1050.0000,     10.0000,    3.000000      72.3120 
    800.0000,     10.0000,    4.000000      87.2860 
    805.0000,     10.0000,    4.000000      87.8100 
    810.0000,     10.0000,    4.000000      86.2680 
    815.0000,     10.0000,    4.000000      94.2200 
    820.0000,     10.0000,    4.000000     112.5300 
    825.0000,     10.0000,    4.000000     100.1000 
    830.0000,     10.0000,    4.000000      80.5620 
    835.0000,     10.0000,    4.000000      78.4420 
    840.0000,     10.0000,    4.000000      77.5220 
    845.0000,     10.0000,    4.000000      86.7290 
    850.0000,     10.0000,    4.000000      91.4140 
    855.0000,     10.0000,    4.000000      93.6660 
    860.0000,     10.0000,    4.000000     100.1200 
    865.0000,     10.0000,    4.000000      97.0460 
    870.0000,     10.0000,    4.000000      97.7840 
    875.0000,     10.0000,    4.000000      84.2620 
    880.0000,     10.0000,    4.000000      86.4940 
    885.0000,     10.0000,    4.000000     110.2000 
    890.0000,     10.0000,    4.000000     122.9800 
    895.0000,     10.0000,    4.000000     193.3200 
    900.0000,     10.0000,    4.000000     209.2500 
    905.0000,     10.0000,    4.000000     194.4000 
    910.0000,     10.0000,    4.000000     199.6100 
    915.0000,     10.0000,    4.000000     155.2100 
    920.0000,     10.0000,    4.000000      76.7580 
    925.0000,     10.0000,    4.000000      59.5760 
    930.0000,     10.0000,    4.000000      40.0110 
    935.0000,     10.0000,    4.000000      33.5920 
    940.0000,     10.0000,    4.000000      36.8850 
    955.0000,     10.0000,    4.000000      57.4750 
    965.0000,     10.0000,    4.000000      26.7040 
    970.0000,     10.0000,    4.000000      21.6070 
    975.0000,     10.0000,    4.000000      29.0990 
    980.0000,     10.0000,    4.000000      32.2830 
    985.0000,     10.0000,    4.000000      32.5440 
    990.0000,     10.0000,    4.000000      33.9640 
    995.0000,     10.0000,    4.000000      41.3010 
   1005.0000,     10.0000,    4.000000      47.9520 
   1015.0000,     10.0000,    4.000000      68.0280 
   1020.0000,     10.0000,    4.000000      68.2870 
   1025.0000,     10.0000,    4.000000      72.1020 
   1030.0000,     10.0000,    4.000000      72.5030 
   1035.0000,     10.0000,    4.000000      71.0400 
   1040.0000,     10.0000,    4.000000      62.9410 
    810.0000,     15.0000,    3.000000      73.9050 
    815.0000,     15.0000,    3.000000      58.1770 
    825.0000,     15.0000,    3.000000      59.9920 
    830.0000,     15.0000,    3.000000      67.8380 
    835.0000,     15.0000,    3.000000      67.6590 
    840.0000,     15.0000,    3.000000      75.0630 
    845.0000,     15.0000,    3.000000      77.9500 
    850.0000,     15.0000,    3.000000      83.3330 
    855.0000,     15.0000,    3.000000      79.7110 
    860.0000,     15.0000,    3.000000      73.2030 
    865.0000,     15.0000,    3.000000      76.6370 
    870.0000,     15.0000,    3.000000      75.1400 
    875.0000,     15.0000,    3.000000     101.3800 
    880.0000,     15.0000,    3.000000     104.2300 
    885.0000,     15.0000,    3.000000     133.9800 
    890.0000,     15.0000,    3.000000     174.3400 
    895.0000,     15.0000,    3.000000     195.1300 
    900.0000,     15.0000,    3.000000     167.4500 
    905.0000,     15.0000,    3.000000     115.6600 
    910.0000,     15.0000,    3.000000      72.1960 
    915.0000,     15.0000,    3.000000      57.7720 
    920.0000,     15.0000,    3.000000      50.4000 
    925.0000,     15.0000,    3.000000      31.8670 
    930.0000,     15.0000,    3.000000      24.8360 
    945.0000,     15.0000,    3.000000      46.9670 
    955.0000,     15.0000,    3.000000      29.3280 
    960.0000,     15.0000,    3.000000      31.0680 
    965.0000,     15.0000,    3.000000      28.2220 
    970.0000,     15.0000,    3.000000      24.4740 
    975.0000,     15.0000,    3.000000      28.1350 
    980.0000,     15.0000,    3.000000      28.7040 
    985.0000,     15.0000,    3.000000      35.0090 
    990.0000,     15.0000,    3.000000      38.4950 
   1000.0000,     15.0000,    3.000000      41.9850 
   1005.0000,     15.0000,    3.000000      52.0710 
   1015.0000,     15.0000,    3.000000      62.4280 
   1020.0000,     15.0000,    3.000000      62.7400 
   1025.0000,     15.0000,    3.000000      65.3800 
    800.0000,     10.0000,    5.000000      71.0670 
    815.0000,     10.0000,    5.000000      57.2520 
    830.0000,     10.0000,    5.000000      62.1910 
    835.0000,     10.0000,    5.000000      69.5710 
    840.0000,     10.0000,    5.000000      64.2240 
    845.0000,     10.0000,    5.000000      76.1230 
    850.0000,     10.0000,    5.000000      84.0830 
    855.0000,     10.0000,    5.000000      75.1740 
    860.0000,     10.0000,    5.000000      74.6160 
    865.0000,     10.0000,    5.000000      67.9570 
    870.0000,     10.0000,    5.000000      67.8210 
    875.0000,     10.0000,    5.000000      88.8750 
    880.0000,     10.0000,    5.000000      94.4170 
    885.0000,     10.0000,    5.000000     118.8100 
    890.0000,     10.0000,    5.000000     136.0500 
    895.0000,     10.0000,    5.000000     194.3700 
    900.0000,     10.0000,    5.000000     208.1600 
    905.0000,     10.0000,    5.000000     127.1300 
    910.0000,     10.0000,    5.000000      68.2870 
    915.0000,     10.0000,    5.000000      65.8680 
    920.0000,     10.0000,    5.000000      53.8390 
    925.0000,     10.0000,    5.000000      42.2910 
    930.0000,     10.0000,    5.000000      26.9700 
    935.0000,     10.0000,    5.000000      24.6850 
    945.0000,     10.0000,    5.000000      52.3630 
    960.0000,     10.0000,    5.000000      38.1770 
    965.0000,     10.0000,    5.000000      28.2370 
    970.0000,     10.0000,    5.000000      27.7810 
    975.0000,     10.0000,    5.000000      22.4490 
    980.0000,     10.0000,    5.000000      29.3850 
    985.0000,     10.0000,    5.000000      27.6060 
    990.0000,     10.0000,    5.000000      36.3210 
    995.0000,     10.0000,    5.000000      43.8680 
   1005.0000,     10.0000,    5.000000      41.3170 
   1015.0000,     10.0000,    5.000000      60.0890 
   1020.0000,     10.0000,    5.000000      57.6570 
   1025.0000,     10.0000,    5.000000      64.1090 
   1030.0000,     10.0000,    5.000000      64.4410 
    825.0000,     15.0000,    4.000000      46.8830 
    830.0000,     15.0000,    4.000000      50.9150 
    835.0000,     15.0000,    4.000000      52.0420 
    840.0000,     15.0000,    4.000000      59.0970 
    845.0000,     15.0000,    4.000000      53.1250 
    850.0000,     15.0000,    4.000000      57.6380 
    855.0000,     15.0000,    4.000000      51.6820 
    860.0000,     15.0000,    4.000000      68.3640 
    865.0000,     15.0000,    4.000000      75.7210 
    870.0000,     15.0000,    4.000000      88.5250 
    875.0000,     15.0000,    4.000000      97.4600 
    880.0000,     15.0000,    4.000000     106.5000 
    885.0000,     15.0000,    4.000000     101.8600 
    890.0000,     15.0000,    4.000000      90.2740 
    895.0000,     15.0000,    4.000000      58.2870 
    900.0000,     15.0000,    4.000000      50.6640 
    905.0000,     15.0000,    4.000000      43.9460 
    910.0000,     15.0000,    4.000000      38.9390 
    915.0000,     15.0000,    4.000000      27.4000 
    930.0000,     15.0000,    4.000000      38.1360 
    950.0000,     15.0000,    4.000000      34.6060 
    955.0000,     15.0000,    4.000000      36.7860 
    960.0000,     15.0000,    4.000000      34.2030 
    965.0000,     15.0000,    4.000000      27.0040 
    970.0000,     15.0000,    4.000000      23.3510 
    975.0000,     15.0000,    4.000000      27.2560 
    980.0000,     15.0000,    4.000000      26.9250 
    985.0000,     15.0000,    4.000000      29.7900 
    990.0000,     15.0000,    4.000000      33.0020 
   1000.0000,     15.0000,    4.000000      34.2520 
   1005.0000,     15.0000,    4.000000      42.6510 
    820.0000,     15.0000,    5.000000      40.1810 
    825.0000,     15.0000,    5.000000      40.1980 
    830.0000,     15.0000,    5.000000      36.0020 
    840.0000,     15.0000,    5.000000      39.0500 
    850.0000,     15.0000,    5.000000      55.8300 
    855.0000,     15.0000,    5.000000      58.4460 
    860.0000,     15.0000,    5.000000      68.5830 
    865.0000,     15.0000,    5.000000      75.5460 
    870.0000,     15.0000,    5.000000      64.8580 
    875.0000,     15.0000,    5.000000      45.1620 
    880.0000,     15.0000,    5.000000      33.7920 
    885.0000,     15.0000,    5.000000      30.6120 
    890.0000,     15.0000,    5.000000      38.0240 
    895.0000,     15.0000,    5.000000      36.5950 
    900.0000,     15.0000,    5.000000      29.5070 
    915.0000,     15.0000,    5.000000      36.5260 
    930.0000,     15.0000,    5.000000      30.1830 
    935.0000,     15.0000,    5.000000      25.4160 
    940.0000,     15.0000,    5.000000      35.2630 
    945.0000,     15.0000,    5.000000      34.5900 
    950.0000,     15.0000,    5.000000      34.2630 
    955.0000,     15.0000,    5.000000      38.1990 
    960.0000,     15.0000,    5.000000      34.6920 
    965.0000,     15.0000,    5.000000      30.5920 
    970.0000,     15.0000,    5.000000      25.8750 
    975.0000,     15.0000,    5.000000      22.5370 
    980.0000,     15.0000,    5.000000      25.1750 
    990.0000,     15.0000,    5.000000      28.9720 
    815.0000,     20.0000,    4.000000      28.9860 
    820.0000,     20.0000,    4.000000      33.3610 
    840.0000,     20.0000,    4.000000      44.2010 
    845.0000,     20.0000,    4.000000      57.5890 
    850.0000,     20.0000,    4.000000      49.0690 
    855.0000,     20.0000,    4.000000      50.9870 
    860.0000,     20.0000,    4.000000      51.5120 
    865.0000,     20.0000,    4.000000      39.7050 
    870.0000,     20.0000,    4.000000      26.7010 
    875.0000,     20.0000,    4.000000      25.8670 
    880.0000,     20.0000,    4.000000      27.1130 
    895.0000,     20.0000,    4.000000      40.5060 
    905.0000,     20.0000,    4.000000      33.0240 
    920.0000,     20.0000,    4.000000      22.3300 
    925.0000,     20.0000,    4.000000      27.6690 
    935.0000,     20.0000,    4.000000      35.4470 
    940.0000,     20.0000,    4.000000      32.8740 
    945.0000,     20.0000,    4.000000      38.1640 
    950.0000,     20.0000,    4.000000      40.3150 
    955.0000,     20.0000,    4.000000      36.7640 
    960.0000,     20.0000,    4.000000      29.7370 
    965.0000,     20.0000,    4.000000      26.5490 
    970.0000,     20.0000,    4.000000      21.5690 
    975.0000,     20.0000,    4.000000      20.8380 
    980.0000,     20.0000,    4.000000      21.8780 
    830.0000,     20.0000,    5.000000      36.8640 
    835.0000,     20.0000,    5.000000      26.9150 
    840.0000,     20.0000,    5.000000      23.1280 
    855.0000,     20.0000,    5.000000      15.9280 
    860.0000,     20.0000,    5.000000      21.7010 
    865.0000,     20.0000,    5.000000      22.2110 
    880.0000,     20.0000,    5.000000      26.8420 
    885.0000,     20.0000,    5.000000      31.1840 
    910.0000,     20.0000,    5.000000      32.4810 
    915.0000,     20.0000,    5.000000      21.4110 
    920.0000,     20.0000,    5.000000      26.8910 
    925.0000,     20.0000,    5.000000      23.3020 
    930.0000,     20.0000,    5.000000      36.4260 
    935.0000,     20.0000,    5.000000      34.9530 
    940.0000,     20.0000,    5.000000      38.3790 
    945.0000,     20.0000,    5.000000      36.3380 
    950.0000,     20.0000,    5.000000      44.1360 
    955.0000,     20.0000,    5.000000      32.9130 
    960.0000,     20.0000,    5.000000      28.5360 
    805.0000,     25.0000,    4.000000      20.4710 
    830.0000,     25.0000,    4.000000      28.8150 
    845.0000,     25.0000,    4.000000      13.0380 
    850.0000,     25.0000,    4.000000      14.1940 
    875.0000,     25.0000,    4.000000      27.8190 
    880.0000,     25.0000,    4.000000      24.7370 
    905.0000,     25.0000,    4.000000      23.7410 
    910.0000,     25.0000,    4.000000      25.3810 
    915.0000,     25.0000,    4.000000      21.8620 
    920.0000,     25.0000,    4.000000      24.0240 
    925.0000,     25.0000,    4.000000      30.5140 
    930.0000,     25.0000,    4.000000      31.6800 
    935.0000,     25.0000,    4.000000      33.9830 
    940.0000,     25.0000,    4.000000      37.6960 
    945.0000,     25.0000,    4.000000      38.8650 
    950.0000,     25.0000,    4.000000      36.6310 
    805.0000,     30.0000,    4.000000      25.4450 
    810.0000,     30.0000,    4.000000      21.8960 
    815.0000,     30.0000,    4.000000      20.9250 
    820.0000,     30.0000,    4.000000      12.4370 
    855.0000,     30.0000,    4.000000      21.0810 
    865.0000,     30.0000,    4.000000      19.9600 
    885.0000,     30.0000,    4.000000      29.5750 
    890.0000,     30.0000,    4.000000      29.2170 
    895.0000,     30.0000,    4.000000      24.0780 
    900.0000,     30.0000,    4.000000      32.1420 
    905.0000,     30.0000,    4.000000      24.4250 
    910.0000,     30.0000,    4.000000      30.2910 
    920.0000,     30.0000,    4.000000      25.5750 
    810.0000,     25.0000,    5.000000      27.4560 
    815.0000,     25.0000,    5.000000      23.0660 
    820.0000,     25.0000,    5.000000      13.7280 
    855.0000,     25.0000,    5.000000      17.4860 
    885.0000,     25.0000,    5.000000      27.0770 
    900.0000,     25.0000,    5.000000      23.5530 
    905.0000,     25.0000,    5.000000      29.6720 
    910.0000,     25.0000,    5.000000      27.1700 
    920.0000,     25.0000,    5.000000      25.9330 
    925.0000,     25.0000,    5.000000      27.5370 
2
23
      5.0000,    148.2800
     50.0000,    148.7400
    100.0000,    149.0900
    150.0000,    149.4300
    200.0000,    149.6400
    250.0000,    149.5700
    300.0000,    149.8500
    350.0000,    150.1700
    400.0000,    150.9100
    450.0000,    151.0500
    500.0000,    151.5200
    550.0000,    151.8100
    600.0000,    152.0400
    650.0000,    152.4700
    700.0000,    152.9000
    750.0000,    153.5700
    800.0000,    154.1500
    850.0000,    154.3900
    900.0000,    154.2600
    950.0000,    153.2400
   1000.0000,    152.9400
   1050.0000,    152.8400
   1097.5000,    153.0400
1
0
0
0
0
0
0
