68# Number of electrodes
# x z position for each electrode
0.000000	0.000000
2.000000	0.000000
4.000000	0.000000
6.000000	0.000000
8.000000	0.000000
10.000000	0.000000
12.000000	0.000000
14.000000	0.000000
16.000000	0.000000
18.000000	0.000000
20.000000	0.000000
22.000000	0.000000
24.000000	0.000000
26.000000	0.000000
28.000000	0.000000
30.000000	0.000000
32.000000	0.000000
34.000000	0.000000
36.000000	0.000000
38.000000	0.000000
40.000000	0.000000
42.000000	0.000000
44.000000	0.000000
46.000000	0.000000
48.000000	0.000000
50.000000	0.000000
52.000000	0.000000
54.000000	0.000000
56.000000	0.000000
58.000000	0.000000
60.000000	0.000000
62.000000	0.000000
64.000000	0.000000
66.000000	0.000000
68.000000	0.000000
70.000000	0.000000
72.000000	0.000000
74.000000	0.000000
76.000000	0.000000
78.000000	0.000000
80.000000	0.000000
82.000000	0.000000
84.000000	0.000000
86.000000	0.000000
88.000000	0.000000
90.000000	0.000000
92.000000	0.000000
94.000000	0.000000
96.000000	0.000000
98.000000	0.000000
100.000000	0.000000
102.000000	0.000000
104.000000	0.000000
106.000000	0.000000
108.000000	0.000000
110.000000	0.000000
112.000000	0.000000
114.000000	0.000000
116.000000	0.000000
118.000000	0.000000
120.000000	0.000000
122.000000	0.000000
124.000000	0.000000
126.000000	0.000000
128.000000	0.000000
130.000000	0.000000
132.000000	0.000000
134.000000	0.000000
1848# Number of data
# a b m n i/mA u/mV
1	2	3	4	362.351054	-947.916462
1	2	4	5	362.351054	-190.659955
1	2	5	6	362.351054	-62.652450
1	2	6	7	362.351054	-27.781357
1	2	7	8	362.351054	-13.945017
1	2	8	9	362.351054	-7.789089
1	2	9	10	362.351054	-4.841139
1	2	10	11	362.351054	-3.506203
1	2	11	12	362.351054	-2.645669
1	2	12	13	362.351054	-1.944462
1	2	13	14	362.351054	-1.784230
1	2	14	15	362.351054	-1.331199
1	2	15	16	362.351054	-0.944554
1	2	16	17	362.351054	-1.015550
1	2	17	18	362.351054	-0.756611
1	2	18	19	362.351054	-0.646109
1	2	19	20	362.351054	-0.552155
1	2	20	21	362.351054	-0.446210
1	3	19	21	350.973134	-2.094981
1	3	21	23	350.973134	-1.495857
1	3	23	25	350.973134	-1.264256
1	3	25	27	350.973134	-0.912808
1	3	27	29	350.973134	-0.745410
1	3	29	31	350.973134	-0.633974
1	3	31	33	350.973134	-0.547827
1	3	33	20	350.973134	6.546648
1	3	20	22	350.973134	-1.764253
1	3	22	24	350.973134	-1.361061
1	3	24	26	350.973134	-1.047225
1	3	26	28	350.973134	-0.830813
1	3	28	30	350.973134	-0.685099
1	3	30	32	350.973134	-0.582479
2	3	4	5	336.582530	-789.850334
2	3	5	6	336.582530	-168.226436
2	3	6	7	336.582530	-59.364295
2	3	7	8	336.582530	-24.575912
2	3	8	9	336.582530	-12.545528
2	3	9	10	336.582530	-7.087610
2	3	10	11	336.582530	-4.588419
2	3	11	12	336.582530	-3.147664
2	3	12	13	336.582530	-2.778692
2	3	13	14	336.582530	-1.538844
2	3	14	15	336.582530	-1.725932
2	3	15	16	336.582530	-1.356786
2	3	16	17	336.582530	-0.831701
2	3	17	18	336.582530	-0.832950
2	3	18	19	336.582530	-0.716904
2	3	19	20	336.582530	-0.592624
2	3	20	21	336.582530	-0.478049
2	3	21	22	336.582530	-0.419794
2	4	20	22	358.407735	-2.093019
2	4	22	24	358.407735	-1.551217
2	4	24	26	358.407735	-1.219051
2	4	26	28	358.407735	-0.940801
2	4	28	30	358.407735	-0.742361
2	4	30	32	358.407735	-0.663709
2	4	32	34	358.407735	-0.612543
2	4	34	21	358.407735	6.718916
2	4	21	23	358.407735	-1.750894
2	4	23	25	358.407735	-1.464057
2	4	25	27	358.407735	-1.036500
2	4	27	29	358.407735	-0.858294
2	4	29	31	358.407735	-0.677821
2	4	31	33	358.407735	-0.611204
2	6	31	35	334.654083	-2.442355
2	6	35	39	334.654083	-1.861728
2	6	39	43	334.654083	-1.396001
2	6	43	32	334.654083	5.085255
2	6	32	36	334.654083	-2.341944
2	6	36	40	334.654083	-1.705515
2	6	40	44	334.654083	-1.364170
2	6	44	48	334.654083	-1.059012
2	6	48	52	334.654083	-0.842175
2	6	52	33	334.654083	6.712185
2	6	33	37	334.654083	-2.235695
2	6	37	41	334.654083	-1.561855
2	6	41	34	334.654083	3.170913
2	6	34	38	334.654083	-2.075320
2	6	38	42	334.654083	-1.444642
2	6	42	46	334.654083	-1.263157
2	6	46	50	334.654083	-0.881641
2	6	50	54	334.654083	-0.762721
3	4	5	6	347.143758	-781.942350
3	4	6	7	347.143758	-178.879233
3	4	7	8	347.143758	-60.205330
3	4	8	9	347.143758	-24.868225
3	4	9	10	347.143758	-12.641781
3	4	10	11	347.143758	-7.519583
3	4	11	12	347.143758	-5.060304
3	4	12	13	347.143758	-3.448236
3	4	13	14	347.143758	-2.810447
3	4	14	15	347.143758	-1.804461
3	4	15	16	347.143758	-1.502348
3	4	16	17	347.143758	-1.326573
3	4	17	18	347.143758	-0.893394
3	4	18	19	347.143758	-1.050153
3	4	19	20	347.143758	-0.709074
3	4	20	21	347.143758	-0.583632
3	4	21	22	347.143758	-0.500801
3	4	22	23	347.143758	-0.406205
3	5	21	23	303.390625	-1.703492
3	5	23	25	303.390625	-1.370446
3	5	25	27	303.390625	-0.972976
3	5	27	29	303.390625	-0.777445
3	5	29	31	303.390625	-0.657003
3	5	31	33	303.390625	-0.553805
3	5	33	35	303.390625	-0.554515
3	5	35	22	303.390625	5.644865
3	5	22	24	303.390625	-1.505732
3	5	24	26	303.390625	-1.126587
3	5	26	28	303.390625	-0.878070
3	5	28	30	303.390625	-0.715329
3	5	30	32	303.390625	-0.589852
3	5	32	34	303.390625	-0.562023
4	5	6	7	316.210958	-719.660050
4	5	7	8	316.210958	-151.979061
4	5	8	9	316.210958	-51.786861
4	5	9	10	316.210958	-21.432900
4	5	10	11	316.210958	-11.495056
4	5	11	12	316.210958	-6.634224
4	5	12	13	316.210958	-4.577028
4	5	13	14	316.210958	-3.123278
4	5	14	15	316.210958	-2.292688
4	5	15	16	316.210958	-1.867094
4	5	16	17	316.210958	-1.281039
4	5	17	18	316.210958	-1.283143
4	5	18	19	316.210958	-0.727792
4	5	19	20	316.210958	-0.766666
4	5	20	21	316.210958	-0.589081
4	5	21	22	316.210958	-0.534546
4	5	22	23	316.210958	-0.410845
4	5	23	24	316.210958	-0.413204
4	6	22	24	345.661896	-1.906733
4	6	24	26	345.661896	-1.398390
4	6	26	28	345.661896	-1.075595
4	6	28	30	345.661896	-0.868163
4	6	30	32	345.661896	-0.706428
4	6	32	34	345.661896	-0.676248
4	6	34	36	345.661896	-0.607527
4	6	36	23	345.661896	6.284292
4	6	23	25	345.661896	-1.730767
4	6	25	27	345.661896	-1.197280
4	6	27	29	345.661896	-0.940180
4	6	29	31	345.661896	-0.803142
4	6	31	33	345.661896	-0.666360
4	6	33	35	345.661896	-0.661154
4	8	33	37	345.706319	-2.653848
4	8	37	41	345.706319	-1.808243
4	8	41	45	345.706319	-1.509935
4	8	45	34	345.706319	5.220238
4	8	34	38	345.706319	-2.443120
4	8	38	42	345.706319	-1.666003
4	8	42	46	345.706319	-1.435885
4	8	46	50	345.706319	-0.989423
4	8	50	54	345.706319	-0.845791
4	8	54	35	345.706319	6.683505
4	8	35	39	345.706319	-2.192729
4	8	39	43	345.706319	-1.603199
4	8	43	36	345.706319	3.174004
4	8	36	40	345.706319	-1.984618
4	8	40	44	345.706319	-1.560922
4	8	44	48	345.706319	-1.194848
4	8	48	52	345.706319	-0.939551
4	8	52	56	345.706319	-0.697737
4	12	52	60	371.674683	-3.375576
4	12	60	68	371.674683	-2.623085
4	12	68	54	371.674683	5.079060
4	12	54	62	371.674683	-3.284906
4	12	56	64	369.298401	-3.199307
4	12	58	66	367.455149	-3.062325
5	6	7	8	303.458633	-599.037898
5	6	8	9	303.458633	-131.351219
5	6	9	10	303.458633	-45.466481
5	6	10	11	303.458633	-19.963988
5	6	11	12	303.458633	-10.402880
5	6	12	13	303.458633	-6.400616
5	6	13	14	303.458633	-4.112434
5	6	14	15	303.458633	-2.990627
5	6	15	16	303.458633	-2.025744
5	6	16	17	303.458633	-1.654483
5	6	17	18	303.458633	-1.118451
5	6	18	19	303.458633	-1.197788
5	6	19	20	303.458633	-0.821717
5	6	20	21	303.458633	-0.652997
5	6	21	22	303.458633	-0.554470
5	6	22	23	303.458633	-0.440302
5	6	23	24	303.458633	-0.430797
5	6	24	25	303.458633	-0.372671
5	7	23	25	315.507823	-1.889341
5	7	25	27	315.507823	-1.154122
5	7	27	29	315.507823	-0.981541
5	7	29	31	315.507823	-0.756666
5	7	31	33	315.507823	-0.664735
5	7	33	35	315.507823	-0.654118
5	7	35	37	315.507823	-0.517837
5	7	37	24	315.507823	5.639211
5	7	24	26	315.507823	-1.496042
5	7	26	28	315.507823	-1.094370
5	7	28	30	315.507823	-0.828434
5	7	30	32	315.507823	-0.723652
5	7	32	34	315.507823	-0.661298
5	7	34	36	315.507823	-0.591626
6	7	8	9	344.300435	-645.215716
6	7	9	10	344.300435	-146.814121
6	7	10	11	344.300435	-52.484000
6	7	11	12	344.300435	-23.682732
6	7	12	13	344.300435	-12.351831
6	7	13	14	344.300435	-7.415530
6	7	14	15	344.300435	-4.874157
6	7	15	16	344.300435	-3.489619
6	7	16	17	344.300435	-2.384370
6	7	17	18	344.300435	-2.122299
6	7	18	19	344.300435	-1.348008
6	7	19	20	344.300435	-1.188886
6	7	20	21	344.300435	-0.918563
6	7	21	22	344.300435	-0.772360
6	7	22	23	344.300435	-0.603312
6	7	23	24	344.300435	-0.588123
6	7	24	25	344.300435	-0.495303
6	7	25	26	344.300435	-0.383697
6	8	24	26	317.132690	-1.783947
6	8	26	28	317.132690	-1.241260
6	8	28	30	317.132690	-0.964982
6	8	30	32	317.132690	-0.818479
6	8	32	34	317.132690	-0.734155
6	8	34	36	317.132690	-0.656498
6	8	36	38	317.132690	-0.544193
6	8	38	25	317.132690	5.760558
6	8	25	27	317.132690	-1.442218
6	8	27	29	317.132690	-1.129096
6	8	29	31	317.132690	-0.865654
6	8	31	33	317.132690	-0.740681
6	8	33	35	317.132690	-0.727924
6	8	35	37	317.132690	-0.582673
6	10	35	39	325.851402	-2.414249
6	10	39	43	325.851402	-1.728389
6	10	43	47	325.851402	-1.410729
6	10	47	36	325.851402	4.862411
6	10	36	40	325.851402	-2.159448
6	10	40	44	325.851402	-1.687513
6	10	44	48	325.851402	-1.277882
6	10	48	52	325.851402	-0.985024
6	10	52	56	325.851402	-0.726212
6	10	56	37	325.851402	6.230473
6	10	37	41	325.851402	-1.986957
6	10	41	45	325.851402	-1.626251
6	10	45	38	325.851402	3.010946
6	10	38	42	325.851402	-1.817626
6	10	42	46	325.851402	-1.540968
6	10	46	50	325.851402	-1.048126
6	10	50	54	325.851402	-0.884638
6	10	54	58	325.851402	-0.633315
7	8	9	10	347.153381	-630.051360
7	8	10	11	347.153381	-150.444712
7	8	11	12	347.153381	-53.032307
7	8	12	13	347.153381	-24.169705
7	8	13	14	347.153381	-12.201738
7	8	14	15	347.153381	-7.440374
7	8	15	16	347.153381	-4.837012
7	8	16	17	347.153381	-3.611884
7	8	17	18	347.153381	-2.601963
7	8	18	19	347.153381	-1.969794
7	8	19	20	347.153381	-1.521974
7	8	20	21	347.153381	-1.156574
7	8	21	22	347.153381	-0.952711
7	8	22	23	347.153381	-0.735318
7	8	23	24	347.153381	-0.707404
7	8	24	25	347.153381	-0.580927
7	8	25	26	347.153381	-0.450635
7	8	26	27	347.153381	-0.400921
7	9	25	27	354.889882	-1.895964
7	9	27	29	354.889882	-1.418862
7	9	29	31	354.889882	-1.097566
7	9	31	33	354.889882	-0.920803
7	9	33	35	354.889882	-0.892561
7	9	35	37	354.889882	-0.718944
7	9	37	39	354.889882	-0.594275
7	9	39	26	354.889882	6.544066
7	9	26	28	354.889882	-1.637971
7	9	28	30	354.889882	-1.235807
7	9	30	32	354.889882	-1.019977
7	9	32	34	354.889882	-0.907172
7	9	34	36	354.889882	-0.807348
7	9	36	38	354.889882	-0.668025
8	9	10	11	328.474467	-595.130132
8	9	11	12	328.474467	-138.502528
8	9	12	13	328.474467	-49.847042
8	9	13	14	328.474467	-21.418810
8	9	14	15	328.474467	-11.489930
8	9	15	16	328.474467	-7.375122
8	9	16	17	328.474467	-4.438049
8	9	17	18	328.474467	-3.384741
8	9	18	19	328.474467	-2.483992
8	9	19	20	328.474467	-1.858582
8	9	20	21	328.474467	-1.375860
8	9	21	22	328.474467	-1.118823
8	9	22	23	328.474467	-0.844914
8	9	23	24	328.474467	-0.798849
8	9	24	25	328.474467	-0.651650
8	9	25	26	328.474467	-0.501458
8	9	26	27	328.474467	-0.436719
8	9	27	28	328.474467	-0.375179
8	10	26	28	322.965820	-1.766328
8	10	28	30	322.965820	-1.235677
8	10	30	32	322.965820	-1.033540
8	10	32	34	322.965820	-0.920752
8	10	34	36	322.965820	-0.804629
8	10	36	38	322.965820	-0.667242
8	10	38	40	322.965820	-0.505632
8	10	40	27	322.965820	6.010208
8	10	27	29	322.965820	-1.484201
8	10	29	31	322.965820	-1.144855
8	10	31	33	322.965820	-0.937026
8	10	33	35	322.965820	-0.896190
8	10	35	37	322.965820	-0.719562
8	10	37	39	322.965820	-0.587215
8	12	37	41	343.189117	-2.571493
8	12	41	45	343.189117	-1.996055
8	12	45	49	343.189117	-1.399841
8	12	49	38	343.189117	5.193457
8	12	38	42	343.189117	-2.306009
8	12	42	46	343.189117	-1.919614
8	12	46	50	343.189117	-1.279952
8	12	50	54	343.189117	-1.068179
8	12	54	58	343.189117	-0.755787
8	12	58	39	343.189117	6.697181
8	12	39	43	343.189117	-2.196002
8	12	43	47	343.189117	-1.747707
8	12	47	40	343.189117	3.369680
8	12	40	44	343.189117	-2.120980
8	12	44	48	343.189117	-1.571024
8	12	48	52	343.189117	-1.199759
8	12	52	56	343.189117	-0.872019
8	12	56	60	343.189117	-0.850054
8	16	56	64	361.742249	-4.097116
8	16	58	66	354.265350	-3.836906
8	16	66	60	354.265350	2.635116
8	16	60	68	354.265350	-3.221010
8	16	68	62	354.265350	2.181953
9	10	11	12	337.941676	-576.649162
9	10	12	13	337.941676	-135.959615
9	10	13	14	337.941676	-46.083500
9	10	14	15	337.941676	-21.241410
9	10	15	16	337.941676	-11.224874
9	10	16	17	337.941676	-6.817032
9	10	17	18	337.941676	-5.035065
9	10	18	19	337.941676	-3.430121
9	10	19	20	337.941676	-2.498971
9	10	20	21	337.941676	-1.800848
9	10	21	22	337.941676	-1.436572
9	10	22	23	337.941676	-1.068208
9	10	23	24	337.941676	-0.990252
9	10	24	25	337.941676	-0.798070
9	10	25	26	337.941676	-0.601214
9	10	26	27	337.941676	-0.522466
9	10	27	28	337.941676	-0.449662
9	10	28	29	337.941676	-0.378461
9	11	27	29	328.437734	-1.784774
9	11	29	31	328.437734	-1.339305
9	11	31	33	328.437734	-1.084165
9	11	33	35	328.437734	-1.019532
9	11	35	37	328.437734	-0.831989
9	11	37	39	328.437734	-0.658329
9	11	39	41	328.437734	-0.529401
9	11	41	28	328.437734	6.296681
9	11	28	30	328.437734	-1.531526
9	11	30	32	328.437734	-1.189901
9	11	32	34	328.437734	-1.064230
9	11	34	36	328.437734	-0.915649
9	11	36	38	328.437734	-0.769238
9	11	38	40	328.437734	-0.565718
10	11	12	13	315.390798	-537.971300
10	11	13	14	315.390798	-117.524428
10	11	14	15	315.390798	-41.641671
10	11	15	16	315.390798	-18.955407
10	11	16	17	315.390798	-10.596219
10	11	17	18	315.390798	-6.427535
10	11	18	19	315.390798	-4.952173
10	11	19	20	315.390798	-3.248847
10	11	20	21	315.390798	-2.255713
10	11	21	22	315.390798	-1.778651
10	11	22	23	315.390798	-1.279912
10	11	23	24	315.390798	-1.172934
10	11	24	25	315.390798	-0.923631
10	11	25	26	315.390798	-0.680583
10	11	26	27	315.390798	-0.599290
10	11	27	28	315.390798	-0.496132
10	11	28	29	315.390798	-0.416806
10	11	29	30	315.390798	-0.391591
10	12	28	30	352.697510	-1.980438
10	12	30	32	352.697510	-1.491179
10	12	32	34	352.697510	-1.329963
10	12	34	36	352.697510	-1.130399
10	12	36	38	352.697510	-0.931756
10	12	38	40	352.697510	-0.684906
10	12	40	42	352.697510	-0.622420
10	12	42	29	352.697510	7.131286
10	12	29	31	352.697510	-1.735074
10	12	31	33	352.697510	-1.365790
10	12	33	35	352.697510	-1.268773
10	12	35	37	352.697510	-1.010492
10	12	37	39	352.697510	-0.802267
10	12	39	41	352.697510	-0.640110
10	14	39	43	339.385061	-2.768575
10	14	43	47	339.385061	-2.119748
10	14	47	51	339.385061	-1.495309
10	14	51	40	339.385061	5.658402
10	14	40	44	339.385061	-2.637473
10	14	44	48	339.385061	-1.915490
10	14	48	52	339.385061	-1.437204
10	14	52	56	339.385061	-1.030436
10	14	56	60	339.385061	-0.993109
10	14	60	41	339.385061	7.316878
10	14	41	45	339.385061	-2.514865
10	14	45	49	339.385061	-1.696267
10	14	49	42	339.385061	3.530675
10	14	42	46	339.385061	-2.359072
10	14	46	50	339.385061	-1.546923
10	14	50	54	339.385061	-1.270639
10	14	54	58	339.385061	-0.887118
10	14	58	62	339.385061	-1.066945
11	12	13	14	342.165395	-550.289359
11	12	14	15	342.165395	-123.618155
11	12	15	16	342.165395	-43.162575
11	12	16	17	342.165395	-20.456090
11	12	17	18	342.165395	-12.636623
11	12	18	19	342.165395	-7.214389
11	12	19	20	342.165395	-5.129396
11	12	20	21	342.165395	-3.455281
11	12	21	22	342.165395	-2.608998
11	12	22	23	342.165395	-1.854086
11	12	23	24	342.165395	-1.652471
11	12	24	25	342.165395	-1.313805
11	12	25	26	342.165395	-0.950338
11	12	26	27	342.165395	-0.788427
11	12	27	28	342.165395	-0.679287
11	12	28	29	342.165395	-0.557444
11	12	29	30	342.165395	-0.466156
11	12	30	31	342.165395	-0.434782
11	13	29	31	350.294332	-2.110763
11	13	31	33	350.294332	-1.589838
11	13	33	35	350.294332	-1.496922
11	13	35	37	350.294332	-1.157931
11	13	37	39	350.294332	-0.927348
11	13	39	41	350.294332	-0.733837
11	13	41	43	350.294332	-0.688091
11	13	43	30	350.294332	7.626595
11	13	30	32	350.294332	-1.841145
11	13	32	34	350.294332	-1.566350
11	13	34	36	350.294332	-1.322423
11	13	36	38	350.294332	-1.059345
11	13	38	40	350.294332	-0.788758
11	13	40	42	350.294332	-0.712278
12	13	14	15	384.568888	-623.482656
12	13	15	16	384.568888	-129.956090
12	13	16	17	384.568888	-47.631947
12	13	17	18	384.568888	-24.385988
12	13	18	19	384.568888	-14.146960
12	13	19	20	384.568888	-8.929213
12	13	20	21	384.568888	-5.739480
12	13	21	22	384.568888	-4.185283
12	13	22	23	384.568888	-2.887122
12	13	23	24	384.568888	-2.525979
12	13	24	25	384.568888	-1.944724
12	13	25	26	384.568888	-1.390924
12	13	26	27	384.568888	-1.154156
12	13	27	28	384.568888	-0.954467
12	13	28	29	384.568888	-0.790588
12	13	29	30	384.568888	-0.661066
12	13	30	31	384.568888	-0.598906
12	13	31	32	384.568888	-0.509550
12	14	30	32	363.612213	-2.278831
12	14	32	34	363.612213	-1.880519
12	14	34	36	363.612213	-1.582891
12	14	36	38	363.612213	-1.266011
12	14	38	40	363.612213	-0.928512
12	14	40	42	363.612213	-0.830480
12	14	42	44	363.612213	-0.759368
12	14	44	31	363.612213	8.298697
12	14	31	33	363.612213	-1.985120
12	14	33	35	363.612213	-1.797160
12	14	35	37	363.612213	-1.392683
12	14	37	39	363.612213	-1.093706
12	14	39	41	363.612213	-0.859383
12	14	41	43	363.612213	-0.799745
12	16	41	45	389.728251	-3.614908
12	16	45	49	389.728251	-2.347333
12	16	49	53	389.728251	-1.892870
12	16	53	42	389.728251	6.877236
12	16	42	46	389.728251	-3.353019
12	16	46	50	389.728251	-2.146747
12	16	50	54	389.728251	-1.737460
12	16	54	58	389.728251	-1.194875
12	16	58	62	389.728251	-1.420416
12	16	62	43	389.728251	8.928866
12	16	43	47	389.728251	-3.025784
12	16	47	51	389.728251	-2.064518
12	16	51	44	389.728251	4.216385
12	16	44	48	389.728251	-2.695132
12	16	48	52	389.728251	-1.976680
12	16	52	56	389.728251	-1.394398
12	16	56	60	389.728251	-1.327170
12	16	60	64	389.728251	-1.203336
12	20	60	68	386.104136	-4.584983
12	20	68	62	386.104136	3.086923
13	14	15	16	367.635849	-526.158136
13	14	16	17	367.635849	-111.590559
13	14	17	18	367.635849	-45.101521
13	14	18	19	367.635849	-22.546490
13	14	19	20	367.635849	-13.099529
13	14	20	21	367.635849	-7.930063
13	14	21	22	367.635849	-5.536002
13	14	22	23	367.635849	-3.685716
13	14	23	24	367.635849	-3.133348
13	14	24	25	367.635849	-2.364048
13	14	25	26	367.635849	-1.651110
13	14	26	27	367.635849	-1.354424
13	14	27	28	367.635849	-1.094217
13	14	28	29	367.635849	-0.899447
13	14	29	30	367.635849	-0.742836
13	14	30	31	367.635849	-0.666816
13	14	31	32	367.635849	-0.563269
13	14	32	33	367.635849	-0.507943
13	15	31	33	386.497386	-2.467692
13	15	33	35	386.497386	-2.180834
13	15	35	37	386.497386	-1.663569
13	15	37	39	386.497386	-1.301856
13	15	39	41	386.497386	-1.015122
13	15	41	43	386.497386	-0.935795
13	15	43	45	386.497386	-0.829434
13	15	45	32	386.497386	9.102845
13	15	32	34	386.497386	-2.323229
13	15	34	36	386.497386	-1.915567
13	15	36	38	386.497386	-1.502857
13	15	38	40	386.497386	-1.097722
13	15	40	42	386.497386	-0.974960
13	15	42	44	386.497386	-0.884931
14	15	16	17	363.151896	-485.502454
14	15	17	18	363.151896	-111.525247
14	15	18	19	363.151896	-43.730629
14	15	19	20	363.151896	-22.147352
14	15	20	21	363.151896	-12.324321
14	15	21	22	363.151896	-8.077356
14	15	22	23	363.151896	-5.148982
14	15	23	24	363.151896	-4.224014
14	15	24	25	363.151896	-3.118860
14	15	25	26	363.151896	-2.125791
14	15	26	27	363.151896	-1.692033
14	15	27	28	363.151896	-1.358221
14	15	28	29	363.151896	-1.093603
14	15	29	30	363.151896	-0.869688
14	15	30	31	363.151896	-0.790221
14	15	31	32	363.151896	-0.663815
14	15	32	33	363.151896	-0.589714
14	15	33	34	363.151896	-0.585707
14	16	32	34	371.983317	-2.653952
14	16	34	36	371.983317	-2.093256
14	16	36	38	371.983317	-1.641041
14	16	38	40	371.983317	-1.191109
14	16	40	42	371.983317	-1.046728
14	16	42	44	371.983317	-0.942914
14	16	44	46	371.983317	-0.808187
14	16	46	33	371.983317	9.059467
14	16	33	35	371.983317	-2.454018
14	16	35	37	371.983317	-1.825378
14	16	37	39	371.983317	-1.418563
14	16	39	41	371.983317	-1.094579
14	16	41	43	371.983317	-0.999315
14	16	43	45	371.983317	-0.880282
14	18	43	47	368.571767	-3.487946
14	18	47	51	368.571767	-2.290222
14	18	51	55	368.571767	-1.709858
14	18	55	44	368.571767	6.477792
14	18	44	48	368.571767	-3.071853
14	18	48	52	368.571767	-2.202640
14	18	52	56	368.571767	-1.528980
14	18	56	60	368.571767	-1.434339
14	18	60	64	368.571767	-1.290884
14	18	64	45	368.571767	8.597022
14	18	45	49	368.571767	-2.686615
14	18	49	53	368.571767	-2.098546
14	18	53	46	368.571767	3.938683
14	18	46	50	368.571767	-2.414188
14	18	50	54	368.571767	-1.920067
14	18	54	58	368.571767	-1.302631
14	18	58	62	368.571767	-1.528656
14	18	62	66	368.571767	-1.049431
15	16	17	18	392.858846	-529.426627
15	16	18	19	392.858846	-118.259833
15	16	19	20	392.858846	-47.222731
15	16	20	21	392.858846	-22.850247
15	16	21	22	392.858846	-13.749889
15	16	22	23	392.858846	-8.256365
15	16	23	24	392.858846	-6.467138
15	16	24	25	392.858846	-4.622826
15	16	25	26	392.858846	-3.040252
15	16	26	27	392.858846	-2.361013
15	16	27	28	392.858846	-1.852595
15	16	28	29	392.858846	-1.456761
15	16	29	30	392.858846	-1.171547
15	16	30	31	392.858846	-1.025732
15	16	31	32	392.858846	-0.847191
15	16	32	33	392.858846	-0.757488
15	16	33	34	392.858846	-0.738204
15	16	34	35	392.858846	-0.650374
15	17	33	35	398.459513	-3.055118
15	17	35	37	398.459513	-2.224955
15	17	37	39	398.459513	-1.704270
15	17	39	41	398.459513	-1.302046
15	17	41	43	398.459513	-1.180053
15	17	43	45	398.459513	-1.030496
15	17	45	47	398.459513	-0.809053
15	17	47	34	398.459513	9.694459
15	17	34	36	398.459513	-2.608332
15	17	36	38	398.459513	-2.009421
15	17	38	40	398.459513	-1.424933
15	17	40	42	398.459513	-1.238714
15	17	42	44	398.459513	-1.108035
15	17	44	46	398.459513	-0.943829
16	17	18	19	418.366597	-493.878702
16	17	19	20	418.366597	-117.720273
16	17	20	21	418.366597	-45.426624
16	17	21	22	418.366597	-24.053833
16	17	22	23	418.366597	-13.316195
16	17	23	24	418.366597	-9.867701
16	17	24	25	418.366597	-6.787304
16	17	25	26	418.366597	-4.297053
16	17	26	27	418.366597	-3.255458
16	17	27	28	418.366597	-2.480938
16	17	28	29	418.366597	-1.906327
16	17	29	30	418.366597	-1.536645
16	17	30	31	418.366597	-1.304332
16	17	31	32	418.366597	-1.057760
16	17	32	33	418.366597	-0.942756
16	17	33	34	418.366597	-0.904492
16	17	34	35	418.366597	-0.798538
16	17	35	36	418.366597	-0.662916
16	18	34	36	393.283173	-3.048655
16	18	36	38	393.283173	-2.295033
16	18	38	40	393.283173	-1.609526
16	18	40	42	393.283173	-1.388335
16	18	42	44	393.283173	-1.231725
16	18	44	46	393.283173	-1.043338
16	18	46	48	393.283173	-0.751181
16	18	48	35	393.283173	9.714284
16	18	35	37	393.283173	-2.603436
16	18	37	39	393.283173	-1.939162
16	18	39	41	393.283173	-1.464643
16	18	41	43	393.283173	-1.316857
16	18	43	45	393.283173	-1.142035
16	18	45	47	393.283173	-0.891147
16	20	45	49	400.112976	-3.516460
16	20	49	53	400.112976	-2.659435
16	20	53	57	400.112976	-1.724558
16	20	57	46	400.112976	6.786481
16	20	46	50	400.112976	-3.124445
16	20	50	54	400.112976	-2.435795
16	20	54	58	400.112976	-1.619727
16	20	58	62	400.112976	-1.882858
16	20	62	66	400.112976	-1.278380
16	20	66	47	400.112976	9.455666
16	20	47	51	400.112976	-2.971563
16	20	51	55	400.112976	-2.155983
16	20	55	48	400.112976	4.333395
16	20	48	52	400.112976	-2.819442
16	20	52	56	400.112976	-1.920673
16	20	56	60	400.112976	-1.772857
16	20	60	64	400.112976	-1.580640
16	20	64	68	400.112976	-1.059928
17	18	19	20	403.697835	-462.365621
17	18	20	21	403.697835	-107.068801
17	18	21	22	403.697835	-45.206345
17	18	22	23	403.697835	-22.117528
17	18	23	24	403.697835	-15.171763
17	18	24	25	403.697835	-9.944896
17	18	25	26	403.697835	-6.011205
17	18	26	27	403.697835	-4.402013
17	18	27	28	403.697835	-3.238969
17	18	28	29	403.697835	-2.456832
17	18	29	30	403.697835	-1.908199
17	18	30	31	403.697835	-1.611657
17	18	31	32	403.697835	-1.289191
17	18	32	33	403.697835	-1.122325
17	18	33	34	403.697835	-1.071205
17	18	34	35	403.697835	-0.933705
17	18	35	36	403.697835	-0.775232
17	18	36	37	403.697835	-0.680596
17	19	35	37	400.715647	-3.179869
17	19	37	39	400.715647	-2.272320
17	19	39	41	400.715647	-1.698481
17	19	41	43	400.715647	-1.513794
17	19	43	45	400.715647	-1.305415
17	19	45	47	400.715647	-1.009188
17	19	47	49	400.715647	-0.761066
17	19	49	36	400.715647	9.991884
17	19	36	38	400.715647	-2.703486
17	19	38	40	400.715647	-1.876648
17	19	40	42	400.715647	-1.602379
17	19	42	44	400.715647	-1.410728
17	19	44	46	400.715647	-1.185663
17	19	46	48	400.715647	-0.849807
18	19	20	21	386.306010	-387.819488
18	19	21	22	386.306010	-98.166007
18	19	22	23	386.306010	-38.428080
18	19	23	24	386.306010	-23.421045
18	19	24	25	386.306010	-14.405615
18	19	25	26	386.306010	-8.080144
18	19	26	27	386.306010	-5.571600
18	19	27	28	386.306010	-4.129453
18	19	28	29	386.306010	-3.179701
18	19	29	30	386.306010	-2.248024
18	19	30	31	386.306010	-1.888992
18	19	31	32	386.306010	-1.492466
18	19	32	33	386.306010	-1.282077
18	19	33	34	386.306010	-1.060719
18	19	34	35	386.306010	-1.072735
18	19	35	36	386.306010	-0.944685
18	19	36	37	386.306010	-0.731541
18	19	37	38	386.306010	-0.650427
18	20	36	38	390.025065	-3.008941
18	20	38	40	390.025065	-2.029907
18	20	40	42	390.025065	-1.730424
18	20	42	44	390.025065	-1.509766
18	20	44	46	390.025065	-1.260858
18	20	46	48	390.025065	-0.892596
18	20	48	50	390.025065	-0.765697
18	20	50	37	390.025065	9.618205
18	20	37	39	390.025065	-2.503140
18	20	39	41	390.025065	-1.844700
18	20	41	43	390.025065	-1.626183
18	20	43	45	390.025065	-1.388477
18	20	45	47	390.025065	-1.067829
18	20	47	49	390.025065	-0.797620
18	22	47	51	406.475647	-3.505016
18	22	51	55	406.475647	-2.445436
18	22	55	59	406.475647	-1.847707
18	22	59	48	406.475647	6.859820
18	22	48	52	406.475647	-3.281529
18	22	52	56	406.475647	-2.186956
18	22	56	60	406.475647	-1.986862
18	22	60	64	406.475647	-1.750613
18	22	64	68	406.475647	-1.162294
18	22	68	49	406.475647	9.537342
18	22	49	53	406.475647	-3.094554
18	22	53	57	406.475647	-1.953535
18	22	57	50	406.475647	4.189365
18	22	50	54	406.475647	-2.804158
18	22	54	58	406.475647	-1.826370
18	22	58	62	406.475647	-2.094598
18	22	62	66	406.475647	-1.409035
19	20	21	22	391.461629	-399.516318
19	20	22	23	391.461629	-89.184798
19	20	23	24	391.461629	-44.060205
19	20	24	25	391.461629	-24.442685
19	20	25	26	391.461629	-12.655441
19	20	26	27	391.461629	-8.506362
19	20	27	28	391.461629	-5.561685
19	20	28	29	391.461629	-3.775295
19	20	29	30	391.461629	-2.967274
19	20	30	31	391.461629	-2.396033
19	20	31	32	391.461629	-1.697817
19	20	32	33	391.461629	-1.679414
19	20	33	34	391.461629	-1.597947
19	20	34	35	391.461629	-1.176668
19	20	35	36	391.461629	-0.898881
19	20	36	37	391.461629	-0.847050
19	20	37	38	391.461629	-0.749728
19	20	38	39	391.461629	-0.579127
19	21	37	39	382.039225	-2.747626
19	21	39	41	382.039225	-1.963751
19	21	41	43	382.039225	-1.724465
19	21	43	45	382.039225	-1.456352
19	21	45	47	382.039225	-1.109399
19	21	47	49	382.039225	-0.822411
19	21	49	51	382.039225	-0.794987
19	21	51	38	382.039225	9.078010
19	21	38	40	382.039225	-2.219416
19	21	40	42	382.039225	-1.847055
19	21	42	44	382.039225	-1.590979
19	21	44	46	382.039225	-1.314246
19	21	46	48	382.039225	-0.925374
19	21	48	50	382.039225	-0.785631
20	21	22	23	393.570740	-334.474199
20	21	23	24	393.570740	-98.154397
20	21	24	25	393.570740	-45.307645
20	21	25	26	393.570740	-20.629815
20	21	26	27	393.570740	-12.252307
20	21	27	28	393.570740	-7.834298
20	21	28	29	393.570740	-4.734376
20	21	29	30	393.570740	-4.297975
20	21	30	31	393.570740	-2.966524
20	21	31	32	393.570740	-2.363319
20	21	32	33	393.570740	-1.718861
20	21	33	34	393.570740	-1.663584
20	21	34	35	393.570740	-1.394569
20	21	35	36	393.570740	-1.123475
20	21	36	37	393.570740	-0.958214
20	21	37	38	393.570740	-0.833177
20	21	38	39	393.570740	-0.641870
20	21	39	40	393.570740	-0.557327
20	22	38	40	413.998932	-2.750289
20	22	40	42	413.998932	-2.216363
20	22	42	44	413.998932	-1.905379
20	22	44	46	413.998932	-1.557838
20	22	46	48	413.998932	-1.083308
20	22	48	50	413.998932	-0.914199
20	22	50	52	413.998932	-0.853101
20	22	52	39	413.998932	9.813929
20	22	39	41	413.998932	-2.416569
20	22	41	43	413.998932	-2.076588
20	22	43	45	413.998932	-1.734220
20	22	45	47	413.998932	-1.308273
20	22	47	49	413.998932	-0.959291
20	22	49	51	413.998932	-0.920970
20	24	49	53	396.482951	-3.517617
20	24	53	57	396.482951	-2.133297
20	24	57	61	396.482951	-2.261033
20	24	61	50	396.482951	6.931683
20	24	50	54	396.482951	-3.148612
20	24	54	58	396.482951	-2.003651
20	24	58	62	396.482951	-2.262388
20	24	62	66	396.482951	-1.507031
20	24	51	55	397.498556	-2.783440
20	24	55	59	397.498556	-2.007642
20	24	59	52	397.498556	3.955018
20	24	52	56	397.498556	-2.435170
20	24	56	60	397.498556	-2.164649
20	24	60	64	397.498556	-1.888740
20	24	64	68	397.498556	-1.244158
21	22	23	24	404.943604	-376.872009
21	22	24	25	404.943604	-114.303053
21	22	25	26	404.943604	-41.669222
21	22	26	27	404.943604	-22.026203
21	22	27	28	404.943604	-12.813798
21	22	28	29	404.943604	-8.377647
21	22	29	30	404.943604	-5.168515
21	22	30	31	404.943604	-4.194078
21	22	31	32	404.943604	-3.005567
21	22	32	33	404.943604	-2.468410
21	22	33	34	404.943604	-2.179699
21	22	34	35	404.943604	-1.708396
21	22	35	36	404.943604	-1.497652
21	22	36	37	404.943604	-1.191116
21	22	37	38	404.943604	-1.023385
21	22	38	39	404.943604	-0.779212
21	22	39	40	404.943604	-0.668467
21	22	40	41	404.943604	-0.607106
21	23	39	41	413.673920	-2.722154
21	23	41	43	413.673920	-2.250996
21	23	43	45	413.673920	-1.884781
21	23	45	47	413.673920	-1.407164
21	23	47	49	413.673920	-1.019967
21	23	49	51	413.673920	-0.971613
21	23	51	53	413.673920	-0.778812
21	23	53	40	413.673920	9.620251
21	23	40	42	413.673920	-2.470175
21	23	42	44	413.673920	-2.081513
21	23	44	46	413.673920	-1.683531
21	23	46	48	413.673920	-1.160778
21	23	48	50	413.673920	-0.965468
21	23	50	52	413.673920	-0.898743
22	23	24	25	440.119832	-455.825087
22	23	25	26	440.119832	-102.380515
22	23	26	27	440.119832	-42.763215
22	23	27	28	440.119832	-21.879621
22	23	28	29	440.119832	-12.767275
22	23	29	30	440.119832	-7.833546
22	23	30	31	440.119832	-5.829766
22	23	31	32	440.119832	-4.096999
22	23	32	33	440.119832	-3.156524
22	23	33	34	440.119832	-2.772165
22	23	34	35	440.119832	-2.300951
22	23	35	36	440.119832	-1.661015
22	23	36	37	440.119832	-1.422085
22	23	37	38	440.119832	-1.217247
22	23	38	39	440.119832	-0.912963
22	23	39	40	440.119832	-0.777234
22	23	40	41	440.119832	-0.702878
22	23	41	42	440.119832	-0.652118
22	24	40	42	411.409383	-2.969063
22	24	42	44	411.409383	-2.445752
22	24	44	46	411.409383	-1.961732
22	24	46	48	411.409383	-1.334460
22	24	48	50	411.409383	-1.100322
22	24	50	52	411.409383	-1.015894
22	24	52	54	411.409383	-0.760825
22	24	54	41	411.409383	10.047804
22	24	41	43	411.409383	-2.709547
22	24	43	45	411.409383	-2.208563
22	24	45	47	411.409383	-1.628899
22	24	47	49	411.409383	-1.168646
22	24	49	51	411.409383	-1.100253
22	24	51	53	411.409383	-0.876767
22	26	51	55	400.431081	-3.236886
22	26	55	59	400.431081	-2.297674
22	26	59	63	400.431081	-2.409888
22	26	63	52	400.431081	6.958187
22	26	52	56	400.431081	-2.819864
22	26	56	60	400.431081	-2.447486
22	26	60	64	400.431081	-2.116763
22	26	64	68	400.431081	-1.366341
22	26	53	57	400.932576	-2.497480
22	26	57	61	400.932576	-2.556483
22	26	61	54	400.932576	4.315898
22	26	54	58	400.932576	-2.305168
22	26	58	62	400.932576	-2.557615
22	26	62	66	400.932576	-1.683674
23	24	25	26	423.672150	-497.554990
23	24	26	27	423.672150	-124.242937
23	24	27	28	423.672150	-49.612685
23	24	28	29	423.672150	-24.656570
23	24	29	30	423.672150	-14.336826
23	24	30	31	423.672150	-9.718048
23	24	31	32	423.672150	-6.253410
23	24	32	33	423.672150	-4.984527
23	24	33	34	423.672150	-4.021931
23	24	34	35	423.672150	-3.162710
23	24	35	36	423.672150	-2.405318
23	24	36	37	423.672150	-1.951090
23	24	37	38	423.672150	-1.631380
23	24	38	39	423.672150	-1.207073
23	24	39	40	423.672150	-1.013113
23	24	40	41	423.672150	-0.908974
23	24	41	42	423.672150	-0.835270
23	24	42	43	423.672150	-0.753390
23	25	41	43	446.421288	-3.512312
23	25	43	45	446.421288	-2.806158
23	25	45	47	446.421288	-2.053378
23	25	47	49	446.421288	-1.455908
23	25	49	51	446.421288	-1.358223
23	25	51	53	446.421288	-1.073936
23	25	53	55	446.421288	-0.822096
23	25	55	42	446.421288	11.241822
23	25	42	44	446.421288	-3.152358
23	25	44	46	446.421288	-2.486423
23	25	46	48	446.421288	-1.670022
23	25	48	50	446.421288	-1.365492
23	25	50	52	446.421288	-1.246801
23	25	52	54	446.421288	-0.929445
24	25	26	27	422.618581	-404.189530
24	25	27	28	422.618581	-104.606000
24	25	28	29	422.618581	-43.302192
24	25	29	30	422.618581	-21.653534
24	25	30	31	422.618581	-13.527743
24	25	31	32	422.618581	-8.903145
24	25	32	33	422.618581	-5.858066
24	25	33	34	422.618581	-4.993298
24	25	34	35	422.618581	-3.916795
24	25	35	36	422.618581	-2.834708
24	25	36	37	422.618581	-2.268701
24	25	37	38	422.618581	-1.864145
24	25	38	39	422.618581	-1.360750
24	25	39	40	422.618581	-1.130341
24	25	40	41	422.618581	-0.999470
24	25	41	42	422.618581	-0.916740
24	25	42	43	422.618581	-0.820946
24	25	43	44	422.618581	-0.732579
24	26	42	44	383.534668	-2.950024
24	26	44	46	383.534668	-2.259861
24	26	46	48	383.534668	-1.506856
24	26	48	50	383.534668	-1.215285
24	26	50	52	383.534668	-1.100704
24	26	52	54	383.534668	-0.811545
24	26	54	56	383.534668	-0.630622
24	26	56	43	383.534668	8.922419
24	26	43	45	383.534668	-2.598772
24	26	45	47	383.534668	-1.865926
24	26	47	49	383.534668	-1.305504
24	26	49	51	383.534668	-1.199209
24	26	51	53	383.534668	-0.942285
24	26	53	55	383.534668	-0.711559
24	28	53	57	416.635539	-3.034240
24	28	57	61	416.635539	-2.974984
24	28	61	65	416.635539	-2.181482
24	28	65	54	416.635539	7.291213
24	28	54	58	416.635539	-2.758330
24	28	58	62	416.635539	-2.983616
24	28	62	66	416.635539	-1.944605
24	28	55	59	411.449382	-2.707098
24	28	59	63	411.449382	-2.751887
24	28	63	56	411.449382	4.778061
24	28	56	60	411.449382	-2.853382
24	28	60	64	411.449382	-2.415976
24	28	64	68	411.449382	-1.558731
25	26	27	28	404.072215	-395.874745
25	26	28	29	404.072215	-98.177782
25	26	29	30	404.072215	-39.952215
25	26	30	31	404.072215	-21.571416
25	26	31	32	404.072215	-12.202795
25	26	32	33	404.072215	-8.243553
25	26	33	34	404.072215	-6.347923
25	26	34	35	404.072215	-4.555870
25	26	35	36	404.072215	-3.263726
25	26	36	37	404.072215	-2.647484
25	26	37	38	404.072215	-2.082978
25	26	38	39	404.072215	-1.490392
25	26	39	40	404.072215	-1.222755
25	26	40	41	404.072215	-1.063161
25	26	41	42	404.072215	-0.957842
25	26	42	43	404.072215	-0.851025
25	26	43	44	404.072215	-0.755288
25	26	44	45	404.072215	-0.662129
25	27	43	45	432.337738	-3.361293
25	27	45	47	432.337738	-2.350211
25	27	47	49	432.337738	-1.624267
25	27	49	51	432.337738	-1.476710
25	27	51	53	432.337738	-1.145424
25	27	53	55	432.337738	-0.855910
25	27	55	57	432.337738	-0.660404
25	27	57	44	432.337738	9.691116
25	27	44	46	432.337738	-2.908680
25	27	46	48	432.337738	-1.889597
25	27	48	50	432.337738	-1.501238
25	27	50	52	432.337738	-1.345239
25	27	52	54	432.337738	-0.981018
25	27	54	56	432.337738	-0.753043
26	27	28	29	397.881775	-428.082050
26	27	29	30	397.881775	-102.448434
26	27	30	31	397.881775	-43.860342
26	27	31	32	397.881775	-21.883138
26	27	32	33	397.881775	-13.246621
26	27	33	34	397.881775	-9.257112
26	27	34	35	397.881775	-6.704636
26	27	35	36	397.881775	-4.598005
26	27	36	37	397.881775	-3.435198
26	27	37	38	397.881775	-2.715022
26	27	38	39	397.881775	-1.903603
26	27	39	40	397.881775	-1.534495
26	27	40	41	397.881775	-1.313375
26	27	41	42	397.881775	-1.167951
26	27	42	43	397.881775	-1.027183
26	27	43	44	397.881775	-0.902318
26	27	44	45	397.881775	-0.789166
26	27	45	46	397.881775	-0.677201
26	28	44	46	404.248159	-3.262579
26	28	46	48	404.248159	-2.037381
26	28	48	50	404.248159	-1.615038
26	28	50	52	404.248159	-1.429069
26	28	52	54	404.248159	-1.032863
26	28	54	56	404.248159	-0.787998
26	28	56	58	404.248159	-0.658093
26	28	58	45	404.248159	9.079194
26	28	45	47	404.248159	-2.605151
26	28	47	49	404.248159	-1.761304
26	28	49	51	404.248159	-1.578031
26	28	51	53	404.248159	-1.211489
26	28	53	55	404.248159	-0.899592
26	28	55	57	404.248159	-0.685185
26	30	55	59	427.726481	-3.296033
26	30	59	63	427.726481	-3.257230
26	30	63	67	427.726481	-1.996225
26	30	67	56	427.726481	7.711007
26	30	56	60	427.726481	-3.430985
26	30	60	64	427.726481	-2.859622
26	30	64	68	427.726481	-1.812521
26	30	57	61	428.326436	-3.594471
26	30	61	65	428.326436	-2.479719
26	30	65	58	428.326436	5.300726
26	30	58	62	428.326436	-3.509656
26	30	62	66	428.326436	-2.249772
27	28	29	30	431.137126	-470.725147
27	28	30	31	431.137126	-122.430052
27	28	31	32	431.137126	-47.201107
27	28	32	33	431.137126	-24.846236
27	28	33	34	431.137126	-16.024637
27	28	34	35	431.137126	-10.686403
27	28	35	36	431.137126	-6.895341
27	28	36	37	431.137126	-5.182642
27	28	37	38	431.137126	-3.868259
27	28	38	39	431.137126	-2.649001
27	28	39	40	431.137126	-2.091760
27	28	40	41	431.137126	-1.764369
27	28	41	42	431.137126	-1.547853
27	28	42	43	431.137126	-1.343595
27	28	43	44	431.137126	-1.165651
27	28	44	45	431.137126	-1.009970
27	28	45	46	431.137126	-0.856826
27	28	46	47	431.137126	-0.638036
27	29	45	47	428.487111	-3.224007
27	29	47	49	428.487111	-2.111419
27	29	49	51	428.487111	-1.880705
27	29	51	53	428.487111	-1.429029
27	29	53	55	428.487111	-1.047032
27	29	55	57	428.487111	-0.789855
27	29	57	59	428.487111	-0.849348
27	29	59	46	428.487111	9.490138
27	29	46	48	428.487111	-2.515037
27	29	48	50	428.487111	-1.938907
27	29	50	52	428.487111	-1.694223
27	29	52	54	428.487111	-1.211826
27	29	54	56	428.487111	-0.908902
27	29	56	58	428.487111	-0.759363
28	29	30	31	434.547485	-504.770428
28	29	31	32	434.547485	-116.891328
28	29	32	33	434.547485	-48.084025
28	29	33	34	434.547485	-27.312732
28	29	34	35	434.547485	-16.250837
28	29	35	36	434.547485	-10.307646
28	29	36	37	434.547485	-6.901740
28	29	37	38	434.547485	-5.151992
28	29	38	39	434.547485	-3.425351
28	29	39	40	434.547485	-2.647708
28	29	40	41	434.547485	-2.188509
28	29	41	42	434.547485	-1.888370
28	29	42	43	434.547485	-1.622204
28	29	43	44	434.547485	-1.392702
28	29	44	45	434.547485	-1.190613
28	29	45	46	434.547485	-1.005716
28	29	46	47	434.547485	-0.743370
28	29	47	48	434.547485	-0.625499
28	30	46	48	463.826558	-3.146140
28	30	48	50	463.826558	-2.318240
28	30	50	52	463.826558	-2.033448
28	30	52	54	463.826558	-1.435563
28	30	54	56	463.826558	-1.067270
28	30	56	58	463.826558	-0.879851
28	30	58	60	463.826558	-1.110707
28	30	60	47	463.826558	10.293323
28	30	47	49	463.826558	-2.603533
28	30	49	51	463.826558	-2.269147
28	30	51	53	463.826558	-1.703778
28	30	53	55	463.826558	-1.233632
28	30	55	57	463.826558	-0.920917
28	30	57	59	463.826558	-0.981995
28	32	57	61	442.257772	-4.369325
28	32	61	65	442.257772	-3.017913
28	32	58	62	442.076833	-4.289344
28	32	62	66	442.076833	-2.686015
28	32	59	63	439.036275	-3.974641
28	32	63	67	439.036275	-2.345235
28	32	67	60	439.036275	5.105744
28	32	60	64	439.036275	-3.427198
28	32	64	68	439.036275	-2.139448
29	30	31	32	465.353546	-485.210941
29	30	32	33	465.353546	-120.461479
29	30	33	34	465.353546	-53.950299
29	30	34	35	465.353546	-28.895716
29	30	35	36	465.353546	-16.382524
29	30	36	37	465.353546	-10.647724
29	30	37	38	465.353546	-7.446857
29	30	38	39	465.353546	-4.770901
29	30	39	40	465.353546	-3.580502
29	30	40	41	465.353546	-2.903166
29	30	41	42	465.353546	-2.460801
29	30	42	43	465.353546	-2.082236
29	30	43	44	465.353546	-1.763344
29	30	44	45	465.353546	-1.489825
29	30	45	46	465.353546	-1.245554
29	30	46	47	465.353546	-0.909319
29	30	47	48	465.353546	-0.757603
29	30	48	49	465.353546	-0.629519
29	31	47	49	454.061503	-3.026052
29	31	49	51	454.061503	-2.549914
29	31	51	53	454.061503	-1.909766
29	31	53	55	454.061503	-1.366191
29	31	55	57	454.061503	-1.007975
29	31	57	59	454.061503	-1.065989
29	31	59	61	454.061503	-1.156117
29	31	61	48	454.061503	10.444637
29	31	48	50	454.061503	-2.687562
29	31	50	52	454.061503	-2.294053
29	31	52	54	454.061503	-1.596437
29	31	54	56	454.061503	-1.175673
29	31	56	58	454.061503	-0.957178
29	31	58	60	454.061503	-1.201291
30	31	32	33	493.237925	-557.760227
30	31	33	34	493.237925	-142.317123
30	31	34	35	493.237925	-61.746560
30	31	35	36	493.237925	-30.777253
30	31	36	37	493.237925	-18.363281
30	31	37	38	493.237925	-11.990188
30	31	38	39	493.237925	-7.324814
30	31	39	40	493.237925	-5.303327
30	31	40	41	493.237925	-4.178227
30	31	41	42	493.237925	-3.470900
30	31	42	43	493.237925	-2.883422
30	31	43	44	493.237925	-2.406107
30	31	44	45	493.237925	-2.006809
30	31	45	46	493.237925	-1.656405
30	31	46	47	493.237925	-1.192009
30	31	47	48	493.237925	-0.982625
30	31	48	49	493.237925	-0.813982
30	31	49	50	493.237925	-0.783645
30	32	48	50	475.448263	-3.309438
30	32	50	52	475.448263	-2.764796
30	32	52	54	475.448263	-1.907725
30	32	54	56	475.448263	-1.383092
30	32	56	58	475.448263	-1.116929
30	32	58	60	475.448263	-1.389167
30	32	60	62	475.448263	-1.133636
30	32	62	49	475.448263	11.319196
30	32	49	51	475.448263	-3.133923
30	32	51	53	475.448263	-2.293967
30	32	53	55	475.448263	-1.618300
30	32	55	57	475.448263	-1.179939
30	32	57	59	475.448263	-1.235551
30	32	59	61	475.448263	-1.331571
30	34	59	63	503.482239	-5.827365
30	34	63	67	503.482239	-3.387465
30	34	60	64	499.535258	-5.000654
30	34	64	68	499.535258	-3.033807
30	34	61	65	500.619202	-4.381787
30	34	62	66	500.316355	-3.850883
31	32	33	34	465.939250	-519.833715
31	32	34	35	465.939250	-139.335760
31	32	35	36	465.939250	-55.203988
31	32	36	37	465.939250	-28.694935
31	32	37	38	465.939250	-17.189143
31	32	38	39	465.939250	-9.827730
31	32	39	40	465.939250	-6.784414
31	32	40	41	465.939250	-5.164821
31	32	41	42	465.939250	-4.177178
31	32	42	43	465.939250	-3.399626
31	32	43	44	465.939250	-2.787657
31	32	44	45	465.939250	-2.290317
31	32	45	46	465.939250	-1.865950
31	32	46	47	465.939250	-1.321045
31	32	47	48	465.939250	-1.073786
31	32	48	49	465.939250	-0.881505
31	32	49	50	465.939250	-0.842521
31	32	50	51	465.939250	-0.784060
31	33	49	51	483.622477	-3.817470
31	33	51	53	483.622477	-2.720923
31	33	53	55	483.622477	-1.898633
31	33	55	57	483.622477	-1.363480
31	33	57	59	483.622477	-1.410028
31	33	59	61	483.622477	-1.508989
31	33	61	63	483.622477	-1.140810
31	33	63	50	483.622477	11.889837
31	33	50	52	483.622477	-3.334067
31	33	52	54	483.622477	-2.256308
31	33	54	56	483.622477	-1.609987
31	33	56	58	483.622477	-1.278861
31	33	58	60	483.622477	-1.578702
31	33	60	62	483.622477	-1.278596
32	33	34	35	471.914429	-640.242953
32	33	35	36	471.914429	-152.671806
32	33	36	37	471.914429	-62.367159
32	33	37	38	471.914429	-32.238860
32	33	38	39	471.914429	-16.690588
32	33	39	40	471.914429	-10.779666
32	33	40	41	471.914429	-7.829443
32	33	41	42	471.914429	-6.107592
32	33	42	43	471.914429	-4.835658
32	33	43	44	471.914429	-3.884246
32	33	44	45	471.914429	-3.126045
32	33	45	46	471.914429	-2.512626
32	33	46	47	471.914429	-1.748058
32	33	47	48	471.914429	-1.389700
32	33	48	49	471.914429	-1.128789
32	33	49	50	471.914429	-1.072866
32	33	50	51	471.914429	-0.988971
32	33	51	52	471.914429	-0.806561
32	34	50	52	470.934804	-4.185592
32	34	52	54	470.934804	-2.757954
32	34	54	56	470.934804	-1.947709
32	34	56	58	470.934804	-1.525712
32	34	58	60	470.934804	-1.871116
32	34	60	62	470.934804	-1.506580
32	34	62	64	470.934804	-1.174696
32	34	64	51	470.934804	12.671487
32	34	51	53	470.934804	-3.395626
32	34	53	55	470.934804	-2.316724
32	34	55	57	470.934804	-1.636900
32	34	57	59	470.934804	-1.674198
32	34	59	61	470.934804	-1.782815
32	34	61	63	470.934804	-1.336732
32	36	61	65	475.010244	-5.287251
32	36	62	66	473.925903	-4.639773
32	36	63	67	471.245667	-4.040604
32	36	64	68	471.885722	-3.612066
33	34	35	36	496.974040	-693.888749
33	34	36	37	496.974040	-177.635923
33	34	37	38	496.974040	-73.521033
33	34	38	39	496.974040	-33.077376
33	34	39	40	496.974040	-19.515863
33	34	40	41	496.974040	-13.379736
33	34	41	42	496.974040	-10.010406
33	34	42	43	496.974040	-7.676594
33	34	43	44	496.974040	-6.033132
33	34	44	45	496.974040	-4.751694
33	34	45	46	496.974040	-3.753490
33	34	46	47	496.974040	-2.567522
33	34	47	48	496.974040	-2.011835
33	34	48	49	496.974040	-1.602555
33	34	49	50	496.974040	-1.503529
33	34	50	51	496.974040	-1.384066
33	34	51	52	496.974040	-1.121056
33	34	52	53	496.974040	-0.907659
33	35	51	53	498.304464	-4.425556
33	35	53	55	498.304464	-2.935483
33	35	55	57	498.304464	-2.055016
33	35	57	59	498.304464	-2.078966
33	35	59	61	498.304464	-2.196968
33	35	61	63	498.304464	-1.637720
33	35	63	65	498.304464	-1.219762
33	35	65	52	498.304464	14.113049
33	35	52	54	498.304464	-3.570134
33	35	54	56	498.304464	-2.463816
33	35	56	58	498.304464	-1.905113
33	35	58	60	498.304464	-2.312168
33	35	60	62	498.304464	-1.850418
33	35	62	64	498.304464	-1.433627
34	35	36	37	499.204681	-677.070650
34	35	37	38	499.204681	-177.932250
34	35	38	39	499.204681	-63.332922
34	35	39	40	499.204681	-32.710878
34	35	40	41	499.204681	-20.528003
34	35	41	42	499.204681	-14.479233
34	35	42	43	499.204681	-10.655303
34	35	43	44	499.204681	-8.098929
34	35	44	45	499.204681	-6.224463
34	35	45	46	499.204681	-4.824026
34	35	46	47	499.204681	-3.227017
34	35	47	48	499.204681	-2.486633
34	35	48	49	499.204681	-1.951942
34	35	49	50	499.204681	-1.799761
34	35	50	51	499.204681	-1.635014
34	35	51	52	499.204681	-1.318336
34	35	52	53	499.204681	-1.058418
34	35	53	54	499.204681	-0.855901
34	36	52	54	496.804372	-4.060128
34	36	54	56	496.804372	-2.711331
34	36	56	58	496.804372	-2.078080
34	36	58	60	496.804372	-2.492401
34	36	60	62	496.804372	-1.981215
34	36	62	64	496.804372	-1.526908
34	36	64	66	496.804372	-1.137791
34	36	66	53	496.804372	13.747061
34	36	53	55	496.804372	-3.299608
34	36	55	57	496.804372	-2.265973
34	36	57	59	496.804372	-2.253648
34	36	59	61	496.804372	-2.358414
34	36	61	63	496.804372	-1.749165
34	36	63	65	496.804372	-1.293751
34	38	63	67	462.644460	-4.691520
34	38	64	68	464.136027	-4.191906
35	36	37	38	500.644633	-690.144220
35	36	38	39	500.644633	-150.133243
35	36	39	40	500.644633	-61.197304
35	36	40	41	500.644633	-33.348418
35	36	41	42	500.644633	-21.515147
35	36	42	43	500.644633	-14.933555
35	36	43	44	500.644633	-10.869036
35	36	44	45	500.644633	-8.087092
35	36	45	46	500.644633	-6.103548
35	36	46	47	500.644633	-3.984660
35	36	47	48	500.644633	-2.995878
35	36	48	49	500.644633	-2.310548
35	36	49	50	500.644633	-2.092231
35	36	50	51	500.644633	-1.878829
35	36	51	52	500.644633	-1.494214
35	36	52	53	500.644633	-1.192120
35	36	53	54	500.644633	-0.955061
35	36	54	55	500.644633	-0.793396
35	37	53	55	481.423279	-3.633811
35	37	55	57	481.423279	-2.421231
35	37	57	59	481.423279	-2.387183
35	37	59	61	481.423279	-2.456686
35	37	61	63	481.423279	-1.826572
35	37	63	65	481.423279	-1.343400
35	37	65	67	481.423279	-1.054084
35	37	67	54	481.423279	13.142881
35	37	54	56	481.423279	-2.976416
35	37	56	58	481.423279	-2.213210
35	37	58	60	481.423279	-2.612004
35	37	60	62	481.423279	-2.069643
35	37	62	64	481.423279	-1.584788
35	37	64	66	481.423279	-1.160846
36	37	38	39	486.098287	-570.777805
36	37	39	40	486.098287	-144.154149
36	37	40	41	486.098287	-61.863312
36	37	41	42	486.098287	-34.851638
36	37	42	43	486.098287	-22.216607
36	37	43	44	486.098287	-15.275940
36	37	44	45	486.098287	-10.760794
36	37	45	46	486.098287	-8.060410
36	37	46	47	486.098287	-5.116940
36	37	47	48	486.098287	-3.681065
36	37	48	49	486.098287	-2.817778
36	37	49	50	486.098287	-2.485609
36	37	50	51	486.098287	-2.176393
36	37	51	52	486.098287	-1.672139
36	37	52	53	486.098287	-1.412972
36	37	53	54	486.098287	-1.079321
36	37	54	55	486.098287	-0.882199
36	37	55	56	486.098287	-0.720623
36	38	54	56	465.739665	-3.340196
36	38	56	58	465.739665	-2.439493
36	38	58	60	465.739665	-2.846187
36	38	60	62	465.739665	-2.235241
36	38	62	64	465.739665	-1.696783
36	38	64	66	465.739665	-1.237615
36	38	66	68	465.739665	-1.029042
36	38	68	55	465.739665	12.986700
36	38	55	57	465.739665	-2.708333
36	38	57	59	465.739665	-2.620672
36	38	59	61	465.739665	-2.660990
36	38	61	63	465.739665	-1.965036
36	38	63	65	465.739665	-1.436608
36	38	65	67	465.739665	-1.119621
37	38	39	40	449.816813	-574.442474
37	38	40	41	449.816813	-145.947680
37	38	41	42	449.816813	-64.644545
37	38	42	43	449.816813	-35.800908
37	38	43	44	449.816813	-22.612214
37	38	44	45	449.816813	-15.357551
37	38	45	46	449.816813	-10.694359
37	38	46	47	449.816813	-6.456209
37	38	47	48	449.816813	-4.602671
37	38	48	49	449.816813	-3.333806
37	38	49	50	449.816813	-2.962534
37	38	50	51	449.816813	-2.578385
37	38	51	52	449.816813	-2.034293
37	38	52	53	449.816813	-1.476009
37	38	53	54	449.816813	-1.199329
37	38	54	55	449.816813	-0.957883
37	38	55	56	449.816813	-0.779879
37	38	56	57	449.816813	-0.630267
37	39	55	57	484.029948	-3.113976
37	39	57	59	484.029948	-2.873001
37	39	59	61	484.029948	-2.942726
37	39	61	63	484.029948	-2.120130
37	39	63	65	484.029948	-1.538344
37	39	65	67	484.029948	-1.200363
37	39	56	58	478.884755	-2.736190
37	39	58	60	478.884755	-3.101692
37	39	60	62	478.884755	-2.404948
37	39	62	64	478.884755	-1.818965
37	39	64	66	478.884755	-1.325649
37	39	66	68	478.884755	-1.078746
38	39	40	41	465.569992	-544.759981
38	39	41	42	465.569992	-144.428526
38	39	42	43	465.569992	-63.432964
38	39	43	44	465.569992	-35.302593
38	39	44	45	465.569992	-21.895337
38	39	45	46	465.569992	-14.624018
38	39	46	47	465.569992	-8.401825
38	39	47	48	465.569992	-5.812633
38	39	48	49	465.569992	-4.020620
38	39	49	50	465.569992	-3.509920
38	39	50	51	465.569992	-2.925758
38	39	51	52	465.569992	-2.277013
38	39	52	53	465.569992	-1.707875
38	39	53	54	465.569992	-1.314248
38	39	54	55	465.569992	-1.072208
38	39	55	56	465.569992	-0.826818
38	39	56	57	465.569992	-0.682256
38	39	57	58	465.569992	-0.651198
38	40	56	58	450.568797	-2.763827
38	40	58	60	450.568797	-3.082793
38	40	60	62	450.568797	-2.364552
38	40	62	64	450.568797	-1.767875
38	40	64	66	450.568797	-1.279892
38	40	66	68	450.568797	-1.034722
38	40	57	59	446.692169	-2.859892
38	40	59	61	446.692169	-2.828209
38	40	61	63	446.692169	-2.030834
38	40	63	65	446.692169	-1.456838
38	40	65	67	446.692169	-1.127687
39	40	41	42	476.681997	-553.448345
39	40	42	43	476.681997	-149.623459
39	40	43	44	476.681997	-66.946104
39	40	44	45	476.681997	-36.661052
39	40	45	46	476.681997	-22.733089
39	40	46	47	476.681997	-12.713268
39	40	47	48	476.681997	-7.890958
39	40	48	49	476.681997	-5.687107
39	40	49	50	476.681997	-4.426124
39	40	50	51	476.681997	-3.790330
39	40	51	52	476.681997	-2.807559
39	40	52	53	476.681997	-2.108349
39	40	53	54	476.681997	-1.606375
39	40	54	55	476.681997	-1.246474
39	40	55	56	476.681997	-0.979116
39	40	56	57	476.681997	-0.776828
39	40	57	58	476.681997	-0.764389
39	40	58	59	476.681997	-0.849399
39	41	57	59	475.801809	-3.542415
39	41	59	61	475.801809	-3.452862
39	41	61	63	475.801809	-2.459010
39	41	63	65	475.801809	-1.748148
39	41	65	67	475.801809	-1.341400
39	41	58	60	476.859873	-3.783385
39	41	60	62	476.859873	-2.840284
39	41	62	64	476.859873	-2.104431
39	41	64	66	476.859873	-1.507609
39	41	66	68	476.859873	-1.216042
40	41	42	43	458.899628	-570.541329
40	41	43	44	458.899628	-159.896811
40	41	44	45	458.899628	-69.741157
40	41	45	46	458.899628	-39.267785
40	41	46	47	458.899628	-19.644795
40	41	47	48	458.899628	-12.103970
40	41	48	49	458.899628	-7.651797
40	41	49	50	458.899628	-6.092347
40	41	50	51	458.899628	-4.963389
40	41	51	52	458.899628	-3.626770
40	41	52	53	458.899628	-2.680842
40	41	53	54	458.899628	-1.989494
40	41	54	55	458.899628	-1.535573
40	41	55	56	458.899628	-1.175216
40	41	56	57	458.899628	-0.926407
40	41	57	58	458.899628	-0.885602
40	41	58	59	458.899628	-0.975289
40	41	59	60	458.899628	-0.998740
40	42	58	60	451.288462	-4.281365
40	42	60	62	451.288462	-3.169470
40	42	62	64	451.288462	-2.334813
40	42	64	66	451.288462	-1.650813
40	42	66	68	451.288462	-1.317307
40	42	59	61	447.000254	-3.880481
40	42	61	63	447.000254	-2.686436
40	42	63	65	447.000254	-1.910682
40	42	65	67	447.000254	-1.446259
41	42	43	44	448.771678	-604.100537
41	42	44	45	448.771678	-161.474933
41	42	45	46	448.771678	-75.112932
41	42	46	47	448.771678	-34.127254
41	42	47	48	448.771678	-19.106517
41	42	48	49	448.771678	-11.436554
41	42	49	50	448.771678	-8.552455
41	42	50	51	448.771678	-6.949988
41	42	51	52	448.771678	-4.856621
41	42	52	53	448.771678	-3.488358
41	42	53	54	448.771678	-2.532691
41	42	54	55	448.771678	-1.945144
41	42	55	56	448.771678	-1.444394
41	42	56	57	448.771678	-1.121298
41	42	57	58	448.771678	-1.054260
41	42	58	59	448.771678	-1.153031
41	42	59	60	448.771678	-1.170789
41	42	60	61	448.771678	-0.942848
41	43	59	61	468.987488	-4.808090
41	43	61	63	468.987488	-3.279801
41	43	63	65	468.987488	-2.306119
41	43	65	67	468.987488	-1.735025
41	43	60	62	467.181112	-3.855652
41	43	62	64	467.181112	-2.783602
41	43	64	66	467.181112	-1.963077
41	43	66	68	467.181112	-1.553831
42	43	44	45	462.675669	-600.374885
42	43	45	46	462.675669	-179.805645
42	43	46	47	462.675669	-67.709457
42	43	47	48	462.675669	-33.483636
42	43	48	49	462.675669	-18.801589
42	43	49	50	462.675669	-13.081688
42	43	50	51	462.675669	-9.683853
42	43	51	52	462.675669	-6.800896
42	43	52	53	462.675669	-4.764910
42	43	53	54	462.675669	-3.398920
42	43	54	55	462.675669	-2.513543
42	43	55	56	462.675669	-1.858349
42	43	56	57	462.675669	-1.407841
42	43	57	58	462.675669	-1.304269
42	43	58	59	462.675669	-1.411633
42	43	59	60	462.675669	-1.420704
42	43	60	61	462.675669	-1.132651
42	43	61	62	462.675669	-0.920077
42	44	60	62	406.820302	-3.913917
42	44	62	64	406.820302	-2.800930
42	44	64	66	406.820302	-1.947017
42	44	66	68	406.820302	-1.531281
42	44	61	63	402.277649	-3.294937
42	44	63	65	402.277649	-2.265652
42	44	65	67	402.277649	-1.693405
43	44	45	46	420.701375	-598.496321
43	44	46	47	420.701375	-147.156607
43	44	47	48	420.701375	-59.557138
43	44	48	49	420.701375	-29.293020
43	44	49	50	420.701375	-18.404426
43	44	50	51	420.701375	-13.488910
43	44	51	52	420.701375	-8.850044
43	44	52	53	420.701375	-5.940331
43	44	53	54	420.701375	-3.948923
43	44	54	55	420.701375	-3.136431
43	44	55	56	420.701375	-2.147927
43	44	56	57	420.701375	-1.584177
43	44	57	58	420.701375	-1.454928
43	44	58	59	420.701375	-1.528104
43	44	59	60	420.701375	-1.518319
43	44	60	61	420.701375	-1.195805
43	44	61	62	420.701375	-0.982716
43	44	62	63	420.701375	-0.866874
43	45	61	63	439.872111	-4.197122
43	45	63	65	439.872111	-2.844386
43	45	65	67	439.872111	-2.098409
43	45	62	64	436.913574	-3.478067
43	45	64	66	436.913574	-2.383475
43	45	66	68	436.913574	-1.855626
44	45	46	47	394.966248	-547.363487
44	45	47	48	394.966248	-138.562401
44	45	48	49	394.966248	-55.353901
44	45	49	50	394.966248	-30.720924
44	45	50	51	394.966248	-19.675373
44	45	51	52	394.966248	-12.446605
44	45	52	53	394.966248	-8.058892
44	45	53	54	394.966248	-5.496757
44	45	54	55	394.966248	-3.585024
44	45	55	56	394.966248	-2.626964
44	45	56	57	394.966248	-1.874812
44	45	57	58	394.966248	-1.681384
44	45	58	59	394.966248	-1.759607
44	45	59	60	394.966248	-1.714604
44	45	60	61	394.966248	-1.335156
44	45	61	62	394.966248	-1.084697
44	45	62	63	394.966248	-0.950182
44	45	63	64	394.966248	-0.734346
44	46	62	64	405.116302	-3.727023
44	46	64	66	405.116302	-2.479637
44	46	66	68	405.116302	-1.923371
44	46	63	65	400.402364	-2.965332
44	46	65	67	400.402364	-2.123138
45	46	47	48	423.021474	-548.764335
45	46	48	49	423.021474	-139.619411
45	46	49	50	423.021474	-61.724107
45	46	50	51	423.021474	-35.548118
45	46	51	52	423.021474	-20.541779
45	46	52	53	423.021474	-12.424843
45	46	53	54	423.021474	-8.123464
45	46	54	55	423.021474	-5.368682
45	46	55	56	423.021474	-3.634454
45	46	56	57	423.021474	-2.536592
45	46	57	58	423.021474	-2.192906
45	46	58	59	423.021474	-2.256913
45	46	59	60	423.021474	-2.176545
45	46	60	61	423.021474	-1.675729
45	46	61	62	423.021474	-1.323529
45	46	62	63	423.021474	-1.170130
45	46	63	64	423.021474	-0.897956
45	46	64	65	423.021474	-0.759804
45	47	63	65	442.638407	-3.555806
45	47	65	67	442.638407	-2.518354
45	47	64	66	441.996847	-2.963447
45	47	66	68	441.996847	-2.204720
46	47	48	49	460.085175	-575.175441
46	47	49	50	460.085175	-154.110103
46	47	50	51	460.085175	-71.059489
46	47	51	52	460.085175	-36.250058
46	47	52	53	460.085175	-20.265715
46	47	53	54	460.085175	-11.883766
46	47	54	55	460.085175	-7.805408
46	47	55	56	460.085175	-4.956495
46	47	56	57	460.085175	-3.307840
46	47	57	58	460.085175	-2.755294
46	47	58	59	460.085175	-2.777438
46	47	59	60	460.085175	-2.623170
46	47	60	61	460.085175	-1.986611
46	47	61	62	460.085175	-1.536249
46	47	62	63	460.085175	-1.346418
46	47	63	64	460.085175	-1.022232
46	47	64	65	460.085175	-0.857339
46	47	65	66	460.085175	-0.698776
46	48	64	66	441.856059	-3.235305
46	48	66	68	441.856059	-2.386947
46	48	65	67	437.380819	-2.739874
47	48	49	50	465.742706	-582.050267
47	48	50	51	465.742706	-171.765609
47	48	51	52	465.742706	-71.474759
47	48	52	53	465.742706	-35.703745
47	48	53	54	465.742706	-19.412226
47	48	54	55	465.742706	-11.453550
47	48	55	56	465.742706	-7.132186
47	48	56	57	465.742706	-4.505945
47	48	57	58	465.742706	-3.630368
47	48	58	59	465.742706	-3.560566
47	48	59	60	465.742706	-3.281077
47	48	60	61	465.742706	-2.426769
47	48	61	62	465.742706	-1.881739
47	48	62	63	465.742706	-1.600793
47	48	63	64	465.742706	-1.209107
47	48	64	65	465.742706	-1.008015
47	48	65	66	465.742706	-0.811170
47	48	66	67	465.742706	-0.731809
47	49	65	67	517.159058	-3.677981
47	49	66	68	517.907328	-3.210798
48	49	50	51	488.037099	-633.000949
48	49	51	52	488.037099	-174.340203
48	49	52	53	488.037099	-70.553763
48	49	53	54	488.037099	-34.286037
48	49	54	55	488.037099	-18.842951
48	49	55	56	488.037099	-10.877574
48	49	56	57	488.037099	-6.499654
48	49	57	58	488.037099	-4.961560
48	49	58	59	488.037099	-4.733877
48	49	59	60	488.037099	-4.256978
48	49	60	61	488.037099	-3.091359
48	49	61	62	488.037099	-2.325143
48	49	62	63	488.037099	-1.974384
48	49	63	64	488.037099	-1.462159
48	49	64	65	488.037099	-1.202918
48	49	65	66	488.037099	-0.972871
48	49	66	67	488.037099	-0.861500
48	49	67	68	488.037099	-0.719046
48	50	66	68	455.643585	-3.428846
49	50	51	52	503.095683	-784.386892
49	50	52	53	503.095683	-203.280629
49	50	53	54	503.095683	-79.621517
49	50	54	55	503.095683	-38.344655
49	50	55	56	503.095683	-20.389370
49	50	56	57	503.095683	-11.273502
49	50	57	58	503.095683	-8.121696
49	50	58	59	503.095683	-7.352270
49	50	59	60	503.095683	-6.404375
49	50	60	61	503.095683	-4.504392
49	50	61	62	503.095683	-3.374736
49	50	62	63	503.095683	-2.798937
49	50	63	64	503.095683	-2.067222
49	50	64	65	503.095683	-1.668909
49	50	65	66	503.095683	-1.314320
49	50	66	67	503.095683	-1.188244
49	50	67	68	503.095683	-0.969968
50	51	52	53	459.906311	-754.323692
50	51	53	54	459.906311	-187.286436
50	51	54	55	459.906311	-73.040206
50	51	55	56	459.906311	-34.286033
50	51	56	57	459.906311	-17.218155
50	51	57	58	459.906311	-11.398619
50	51	58	59	459.906311	-9.928340
50	51	59	60	459.906311	-8.290143
50	51	60	61	459.906311	-5.670507
50	51	61	62	459.906311	-4.094690
50	51	62	63	459.906311	-3.362192
50	51	63	64	459.906311	-2.430900
50	51	64	65	459.906311	-1.940431
50	51	65	66	459.906311	-1.521471
50	51	66	67	459.906311	-1.336869
50	51	67	68	459.906311	-1.098885
51	52	53	54	467.656077	-667.740484
51	52	54	55	467.656077	-165.517631
51	52	55	56	467.656077	-64.057504
51	52	56	57	467.656077	-28.106011
51	52	57	58	467.656077	-16.673740
51	52	58	59	467.656077	-13.624169
51	52	59	60	467.656077	-10.801224
51	52	60	61	467.656077	-7.091363
51	52	61	62	467.656077	-4.991276
51	52	62	63	467.656077	-3.998336
51	52	63	64	467.656077	-2.842094
51	52	64	65	467.656077	-2.242473
51	52	65	66	467.656077	-1.736493
51	52	66	67	467.656077	-1.503559
51	52	67	68	467.656077	-1.223961
52	53	54	55	455.140116	-629.862135
52	53	55	56	455.140116	-155.554675
52	53	56	57	455.140116	-54.661720
52	53	57	58	455.140116	-27.239788
52	53	58	59	455.140116	-20.195099
52	53	59	60	455.140116	-14.882010
52	53	60	61	455.140116	-9.231885
52	53	61	62	455.140116	-6.219978
52	53	62	63	455.140116	-4.844116
52	53	63	64	455.140116	-3.373427
52	53	64	65	455.140116	-2.595519
52	53	65	66	455.140116	-1.975077
52	53	66	67	455.140116	-1.694101
52	53	67	68	455.140116	-1.359109
53	54	55	56	427.999725	-566.860491
53	54	56	57	427.999725	-130.442008
53	54	57	58	427.999725	-49.385345
53	54	58	59	427.999725	-31.712800
53	54	59	60	427.999725	-21.163320
53	54	60	61	427.999725	-12.200798
53	54	61	62	427.999725	-7.792750
53	54	62	63	427.999725	-5.868201
53	54	63	64	427.999725	-3.967627
53	54	64	65	427.999725	-2.985968
53	54	65	66	427.999725	-2.230166
53	54	66	67	427.999725	-1.878708
53	54	67	68	427.999725	-1.492772
54	55	56	57	438.518260	-529.678455
54	55	57	58	438.518260	-122.412401
54	55	58	59	438.518260	-62.912716
54	55	59	60	438.518260	-36.387029
54	55	60	61	438.518260	-19.109293
54	55	61	62	438.518260	-11.376923
54	55	62	63	438.518260	-8.193876
54	55	63	64	438.518260	-5.369166
54	55	64	65	438.518260	-3.923441
54	55	65	66	438.518260	-2.872987
54	55	66	67	438.518260	-2.372994
54	55	67	68	438.518260	-1.859429
55	56	57	58	461.626882	-480.815345
55	56	58	59	461.626882	-154.226189
55	56	59	60	461.626882	-71.464556
55	56	60	61	461.626882	-32.264178
55	56	61	62	461.626882	-17.460100
55	56	62	63	461.626882	-11.742166
55	56	63	64	461.626882	-7.548734
55	56	64	65	461.626882	-5.245833
55	56	65	66	461.626882	-3.719774
55	56	66	67	461.626882	-2.909358
55	56	67	68	461.626882	-2.408123
56	57	58	59	476.249532	-576.906104
56	57	59	60	476.249532	-169.587763
56	57	60	61	476.249532	-61.381658
56	57	61	62	476.249532	-28.880819
56	57	62	63	476.249532	-18.244939
56	57	63	64	476.249532	-10.649911
56	57	64	65	476.249532	-7.166967
56	57	65	66	476.249532	-4.971608
56	57	66	67	476.249532	-4.081188
56	57	67	68	476.249532	-2.877497
57	58	59	60	524.537008	-701.723552
57	58	60	61	524.537008	-164.856680
57	58	61	62	524.537008	-63.634405
57	58	62	63	524.537008	-35.834739
57	58	63	64	524.537008	-19.916682
57	58	64	65	524.537008	-12.769752
57	58	65	66	524.537008	-8.323065
57	58	66	67	524.537008	-6.389516
57	58	67	68	524.537008	-4.695309
58	59	60	61	578.388306	-690.084725
58	59	61	62	578.388306	-178.183953
58	59	62	63	578.388306	-83.636252
58	59	63	64	578.388306	-42.241734
58	59	64	65	578.388306	-25.169401
58	59	65	66	578.388306	-15.870338
58	59	66	67	578.388306	-11.636333
58	59	67	68	578.388306	-8.310636
59	60	61	62	591.539225	-692.914610
59	60	62	63	591.539225	-213.554899
59	60	63	64	591.539225	-91.215842
59	60	64	65	591.539225	-48.090130
59	60	65	66	591.539225	-27.954030
59	60	66	67	591.539225	-19.533570
59	60	67	68	591.539225	-13.529443
60	61	62	63	497.198201	-559.953863
60	61	63	64	497.198201	-163.482296
60	61	64	65	497.198201	-69.630585
60	61	65	66	497.198201	-35.963079
60	61	66	67	497.198201	-22.931400
60	61	67	68	497.198201	-15.041414
61	62	63	64	339.880981	-370.696011
61	62	64	65	339.880981	-103.979272
61	62	65	66	339.880981	-43.998834
61	62	66	67	339.880981	-24.716459
61	62	67	68	339.880981	-14.997906
62	63	64	65	193.434006	-212.473634
62	63	65	66	193.434006	-59.975455
62	63	66	67	193.434006	-27.428785
62	63	67	68	193.434006	-14.774958
63	64	65	66	113.958728	-106.117477
63	64	66	67	113.958728	-32.354916
63	64	67	68	113.958728	-14.580777
64	65	66	67	50.028764	-49.469776
64	65	67	68	50.028764	-14.578615
65	66	67	68	15.449461	-14.443252
