72# Number of electrodes
# x z position for each electrode
0.000000	0.000000
2.000000	0.000000
4.000000	0.000000
6.000000	0.000000
8.000000	0.000000
10.000000	0.000000
12.000000	0.000000
14.000000	0.000000
16.000000	0.000000
18.000000	0.000000
20.000000	0.000000
22.000000	0.000000
24.000000	0.000000
26.000000	0.000000
28.000000	0.000000
30.000000	0.000000
32.000000	0.000000
34.000000	0.000000
36.000000	0.000000
38.000000	0.000000
40.000000	0.000000
42.000000	0.000000
44.000000	0.000000
46.000000	0.000000
48.000000	0.000000
50.000000	0.000000
52.000000	0.000000
54.000000	0.000000
56.000000	0.000000
58.000000	0.000000
60.000000	0.000000
62.000000	0.000000
64.000000	0.000000
66.000000	0.000000
68.000000	0.000000
70.000000	0.000000
72.000000	0.000000
74.000000	0.000000
76.000000	0.000000
78.000000	0.000000
80.000000	0.000000
82.000000	0.000000
84.000000	0.000000
86.000000	0.000000
88.000000	0.000000
90.000000	0.000000
92.000000	0.000000
94.000000	0.000000
96.000000	0.000000
98.000000	0.000000
100.000000	0.000000
102.000000	0.000000
104.000000	0.000000
106.000000	0.000000
108.000000	0.000000
110.000000	0.000000
112.000000	0.000000
114.000000	0.000000
116.000000	0.000000
118.000000	0.000000
120.000000	0.000000
122.000000	0.000000
124.000000	0.000000
126.000000	0.000000
128.000000	0.000000
130.000000	0.000000
132.000000	0.000000
134.000000	0.000000
136.000000	0.000000
138.000000	0.000000
140.000000	0.000000
142.000000	0.000000
2013# Number of data
# a b m n i/mA u/mV
1	2	3	4	481.880747	-634.391597
1	2	4	5	481.880747	-124.369099
1	2	5	6	481.880747	-49.231155
1	2	6	7	481.880747	-23.898241
1	2	7	8	481.880747	-14.087701
1	2	8	9	481.880747	-8.666511
1	2	9	10	481.880747	-6.164285
1	2	10	11	481.880747	-4.229044
1	2	11	12	481.880747	-3.355294
1	2	12	13	481.880747	-2.643711
1	2	13	14	481.880747	-1.861788
1	2	14	15	481.880747	-1.489986
1	2	15	16	481.880747	-1.210392
1	2	16	17	481.880747	-0.932970
1	2	17	18	481.880747	-0.809232
1	2	18	19	481.880747	-0.657915
1	2	19	20	481.880747	-0.551915
1	2	20	21	481.880747	-0.427069
1	3	19	21	466.532796	-2.014221
1	3	21	23	466.532796	-1.348237
1	3	23	25	466.532796	-1.065997
1	3	25	27	466.532796	-0.882689
1	3	27	29	466.532796	-0.683794
1	3	29	31	466.532796	-0.618015
1	3	31	33	466.532796	-0.539436
1	3	33	20	466.532796	6.033244
1	3	20	22	466.532796	-1.612145
1	3	22	24	466.532796	-1.165806
1	3	24	26	466.532796	-1.003311
1	3	26	28	466.532796	-0.747901
1	3	28	30	466.532796	-0.657555
1	3	30	32	466.532796	-0.578536
2	3	4	5	471.733632	-586.037071
2	3	5	6	471.733632	-125.555807
2	3	6	7	471.733632	-46.171130
2	3	7	8	471.733632	-23.100863
2	3	8	9	471.733632	-12.979589
2	3	9	10	471.733632	-8.523279
2	3	10	11	471.733632	-5.543075
2	3	11	12	471.733632	-4.147510
2	3	12	13	471.733632	-3.220148
2	3	13	14	471.733632	-2.332105
2	3	14	15	471.733632	-1.786504
2	3	15	16	471.733632	-1.342017
2	3	16	17	471.733632	-1.054831
2	3	17	18	471.733632	-0.898678
2	3	18	19	471.733632	-0.719921
2	3	19	20	471.733632	-0.598735
2	3	20	21	471.733632	-0.465287
2	3	21	22	471.733632	-0.388021
2	4	20	22	476.987986	-1.914577
2	4	22	24	476.987986	-1.335037
2	4	24	26	476.987986	-1.135931
2	4	26	28	476.987986	-0.837484
2	4	28	30	476.987986	-0.734451
2	4	30	32	476.987986	-0.638457
2	4	32	34	476.987986	-0.574851
2	4	34	21	476.987986	6.136645
2	4	21	23	476.987986	-1.587943
2	4	23	25	476.987986	-1.224887
2	4	25	27	476.987986	-0.997925
2	4	27	29	476.987986	-0.764581
2	4	29	31	476.987986	-0.685204
2	4	31	33	476.987986	-0.592178
2	6	31	35	480.329773	-2.487649
2	6	35	39	480.329773	-1.993123
2	6	39	43	480.329773	-1.670218
2	6	43	32	480.329773	5.493613
2	6	32	36	480.329773	-2.361421
2	6	36	40	480.329773	-1.886234
2	6	40	44	480.329773	-1.638958
2	6	44	48	480.329773	-1.359970
2	6	48	52	480.329773	-1.006610
2	6	52	33	480.329773	7.621945
2	6	33	37	480.329773	-2.240668
2	6	37	41	480.329773	-1.777289
2	6	41	34	480.329773	3.401967
2	6	34	38	480.329773	-2.111569
2	6	38	42	480.329773	-1.667537
2	6	42	46	480.329773	-1.608552
2	6	46	50	480.329773	-1.149862
2	6	50	54	480.329773	-0.884401
3	4	5	6	466.346059	-619.828473
3	4	6	7	466.346059	-131.950065
3	4	7	8	466.346059	-50.251437
3	4	8	9	466.346059	-23.633811
3	4	9	10	466.346059	-14.108480
3	4	10	11	466.346059	-8.511374
3	4	11	12	466.346059	-6.302796
3	4	12	13	466.346059	-4.186015
3	4	13	14	466.346059	-3.152854
3	4	14	15	466.346059	-2.354671
3	4	15	16	466.346059	-1.814632
3	4	16	17	466.346059	-1.345931
3	4	17	18	466.346059	-1.122642
3	4	18	19	466.346059	-0.873673
3	4	19	20	466.346059	-0.719230
3	4	20	21	466.346059	-0.555367
3	4	21	22	466.346059	-0.461382
3	4	22	23	466.346059	-0.381884
3	5	21	23	470.614532	-1.797779
3	5	23	25	470.614532	-1.321926
3	5	25	27	470.614532	-1.091664
3	5	27	29	470.614532	-0.816858
3	5	29	31	470.614532	-0.733010
3	5	31	33	470.614532	-0.626642
3	5	33	35	470.614532	-0.577776
3	5	35	22	470.614532	5.995889
3	5	22	24	470.614532	-1.510599
3	5	24	26	470.614532	-1.232809
3	5	26	28	470.614532	-0.905366
3	5	28	30	470.614532	-0.787558
3	5	30	32	470.614532	-0.675177
3	5	32	34	470.614532	-0.605870
4	5	6	7	475.068868	-591.684024
4	5	7	8	475.068868	-134.346439
4	5	8	9	475.068868	-48.871400
4	5	9	10	475.068868	-24.534064
4	5	10	11	475.068868	-13.467780
4	5	11	12	475.068868	-9.011049
4	5	12	13	475.068868	-6.114336
4	5	13	14	475.068868	-4.139275
4	5	14	15	475.068868	-2.884741
4	5	15	16	475.068868	-2.171603
4	5	16	17	475.068868	-1.607932
4	5	17	18	475.068868	-1.330444
4	5	18	19	475.068868	-1.043617
4	5	19	20	475.068868	-0.830138
4	5	20	21	475.068868	-0.627011
4	5	21	22	475.068868	-0.515136
4	5	22	23	475.068868	-0.429668
4	5	23	24	475.068868	-0.363229
4	6	22	24	476.220093	-1.776204
4	6	24	26	476.220093	-1.381304
4	6	26	28	476.220093	-1.019102
4	6	28	30	476.220093	-0.872139
4	6	30	32	476.220093	-0.743810
4	6	32	34	476.220093	-0.660370
4	6	34	36	476.220093	-0.589134
4	6	36	23	476.220093	6.093970
4	6	23	25	476.220093	-1.541314
4	6	25	27	476.220093	-1.232519
4	6	27	29	476.220093	-0.909816
4	6	29	31	476.220093	-0.809281
4	6	31	33	476.220093	-0.687926
4	6	33	35	476.220093	-0.626577
4	12	52	60	614.353739	-5.026159
4	12	60	68	614.353739	-2.919833
4	12	68	54	614.353739	6.451314
4	12	54	62	614.353739	-4.378684
4	12	62	70	614.353739	-2.620976
4	12	70	56	614.353739	5.701412
4	12	56	64	614.353739	-3.914814
4	12	64	72	614.353739	-2.274445
4	12	72	58	614.353739	5.030732
4	12	58	66	614.353739	-3.420161
5	6	7	8	681.365601	-922.657541
5	6	8	9	681.365601	-204.011194
5	6	9	10	681.365601	-80.300146
5	6	10	11	681.365601	-36.384561
5	6	11	12	681.365601	-22.266903
5	6	12	13	681.365601	-13.715381
5	6	13	14	681.365601	-8.882225
5	6	14	15	681.365601	-6.131490
5	6	15	16	681.365601	-4.235983
5	6	16	17	681.365601	-3.037271
5	6	17	18	681.365601	-2.606378
5	6	18	19	681.365601	-1.910823
5	6	19	20	681.365601	-1.499143
5	6	20	21	681.365601	-1.113393
5	6	21	22	681.365601	-0.903270
5	6	22	23	681.365601	-0.748527
5	6	23	24	681.365601	-0.620975
5	6	24	25	681.365601	-0.575355
5	7	23	25	693.184158	-2.688868
5	7	25	27	693.184158	-2.057224
5	7	27	29	693.184158	-1.533226
5	7	29	31	693.184158	-1.328696
5	7	31	33	693.184158	-1.128906
5	7	33	35	693.184158	-1.026845
5	7	35	37	693.184158	-0.908151
5	7	37	24	693.184158	9.290571
5	7	24	26	693.184158	-2.424767
5	7	26	28	693.184158	-1.711620
5	7	28	30	693.184158	-1.443991
5	7	30	32	693.184158	-1.231167
5	7	32	34	693.184158	-1.071400
5	7	34	36	693.184158	-0.957471
6	7	8	9	686.468343	-911.872982
6	7	9	10	686.468343	-227.997702
6	7	10	11	686.468343	-81.406611
6	7	11	12	686.468343	-42.120109
6	7	12	13	686.468343	-23.349767
6	7	13	14	686.468343	-14.047231
6	7	14	15	686.468343	-9.122140
6	7	15	16	686.468343	-5.908348
6	7	16	17	686.468343	-4.430630
6	7	17	18	686.468343	-3.147268
6	7	18	19	686.468343	-2.423675
6	7	19	20	686.468343	-1.901432
6	7	20	21	686.468343	-1.383954
6	7	21	22	686.468343	-1.107922
6	7	22	23	686.468343	-0.894804
6	7	23	24	686.468343	-0.747860
6	7	24	25	686.468343	-0.687460
6	7	25	26	686.468343	-0.609192
6	8	24	26	690.048401	-2.944147
6	8	26	28	690.048401	-2.012503
6	8	28	30	690.048401	-1.696731
6	8	30	32	690.048401	-1.422773
6	8	32	34	690.048401	-1.230190
6	8	34	36	690.048401	-1.084155
6	8	36	38	690.048401	-0.960293
6	8	38	25	690.048401	9.801882
6	8	25	27	690.048401	-2.495883
6	8	27	29	690.048401	-1.806104
6	8	29	31	690.048401	-1.552396
6	8	31	33	690.048401	-1.298955
6	8	33	35	690.048401	-1.170207
6	8	35	37	690.048401	-1.018423
6	10	35	39	596.995463	-3.884910
6	10	39	43	596.995463	-3.062123
6	10	43	47	596.995463	-2.601287
6	10	47	36	596.995463	8.499742
6	10	36	40	596.995463	-3.624403
6	10	40	44	596.995463	-2.983404
6	10	44	48	596.995463	-2.397939
6	10	48	52	596.995463	-1.732654
6	10	52	56	596.995463	-1.321978
6	10	56	37	596.995463	11.024303
6	10	37	41	596.995463	-3.328448
6	10	41	45	596.995463	-2.936628
6	10	45	38	596.995463	5.338600
6	10	38	42	596.995463	-3.096142
6	10	42	46	596.995463	-2.881805
6	10	46	50	596.995463	-1.998407
6	10	50	54	596.995463	-1.506425
6	10	54	58	596.995463	-1.166298
7	8	9	10	718.659241	-1126.258175
7	8	10	11	718.659241	-252.471313
7	8	11	12	718.659241	-103.509357
7	8	12	13	718.659241	-49.144369
7	8	13	14	718.659241	-26.566464
7	8	14	15	718.659241	-15.730595
7	8	15	16	718.659241	-9.947637
7	8	16	17	718.659241	-6.575654
7	8	17	18	718.659241	-4.959728
7	8	18	19	718.659241	-3.553312
7	8	19	20	718.659241	-2.708058
7	8	20	21	718.659241	-1.933395
7	8	21	22	718.659241	-1.518902
7	8	22	23	718.659241	-1.212354
7	8	23	24	718.659241	-0.992110
7	8	24	25	718.659241	-0.893012
7	8	25	26	718.659241	-0.794133
7	8	26	27	718.659241	-0.654717
7	9	25	27	630.013367	-2.770974
7	9	27	29	630.013367	-1.978075
7	9	29	31	630.013367	-1.682624
7	9	31	33	630.013367	-1.362982
7	9	33	35	630.013367	-1.234557
7	9	35	37	630.013367	-1.065346
7	9	37	39	630.013367	-0.937416
7	9	39	26	630.013367	9.499993
7	9	26	28	630.013367	-2.231235
7	9	28	30	630.013367	-1.850927
7	9	30	32	630.013367	-1.509133
7	9	32	34	630.013367	-1.315430
7	9	34	36	630.013367	-1.134366
7	9	36	38	630.013367	-0.997622
8	9	10	11	646.404887	-979.896021
8	9	11	12	646.404887	-258.092593
8	9	12	13	646.404887	-97.727280
8	9	13	14	646.404887	-45.668173
8	9	14	15	646.404887	-24.565352
8	9	15	16	646.404887	-14.139468
8	9	16	17	646.404887	-8.779813
8	9	17	18	646.404887	-6.294842
8	9	18	19	646.404887	-4.359729
8	9	19	20	646.404887	-3.236236
8	9	20	21	646.404887	-2.272474
8	9	21	22	646.404887	-1.718022
8	9	22	23	646.404887	-1.354138
8	9	23	24	646.404887	-1.120290
8	9	24	25	646.404887	-0.990750
8	9	25	26	646.404887	-0.836293
8	9	26	27	646.404887	-0.696656
8	9	27	28	646.404887	-0.559633
8	10	26	28	626.884216	-2.716850
8	10	28	30	626.884216	-2.214093
8	10	30	32	626.884216	-1.799541
8	10	32	34	626.884216	-1.533054
8	10	34	36	626.884216	-1.322502
8	10	36	38	626.884216	-1.170924
8	10	38	40	626.884216	-0.988997
8	10	40	27	626.884216	10.238287
8	10	27	29	626.884216	-2.393970
8	10	29	31	626.884216	-1.985519
8	10	31	33	626.884216	-1.616072
8	10	33	35	626.884216	-1.444813
8	10	35	37	626.884216	-1.253844
8	10	37	39	626.884216	-1.075819
8	12	37	41	613.999349	-4.482438
8	12	41	45	613.999349	-3.855486
8	12	45	49	613.999349	-2.787155
8	12	49	38	613.999349	9.868845
8	12	38	42	613.999349	-4.140141
8	12	42	46	613.999349	-3.765665
8	12	46	50	613.999349	-2.564299
8	12	50	54	613.999349	-1.905880
8	12	54	58	613.999349	-1.452955
8	12	58	39	613.999349	12.645547
8	12	39	43	613.999349	-4.069823
8	12	43	47	613.999349	-3.377250
8	12	47	40	613.999349	6.390334
8	12	40	44	613.999349	-3.935548
8	12	44	48	613.999349	-3.099579
8	12	48	52	613.999349	-2.208089
8	12	52	56	613.999349	-1.661332
8	12	56	60	613.999349	-1.314147
8	16	56	64	628.985270	-5.722875
8	16	64	72	628.985270	-3.245875
8	16	72	58	628.985270	7.249653
8	16	58	66	628.985270	-4.966214
8	16	66	60	628.985270	3.392592
8	16	60	68	628.985270	-4.214053
8	16	68	62	628.985270	2.976805
8	16	62	70	628.985270	-3.748387
9	10	11	12	568.720032	-1025.186254
9	10	12	13	568.720032	-246.365393
9	10	13	14	568.720032	-92.616852
9	10	14	15	568.720032	-42.582501
9	10	15	16	568.720032	-22.233788
9	10	16	17	568.720032	-12.708431
9	10	17	18	568.720032	-8.742182
9	10	18	19	568.720032	-5.720077
9	10	19	20	568.720032	-4.069371
9	10	20	21	568.720032	-2.790368
9	10	21	22	568.720032	-2.045870
9	10	22	23	568.720032	-1.606448
9	10	23	24	568.720032	-1.296831
9	10	24	25	568.720032	-1.130862
9	10	25	26	568.720032	-0.924852
9	10	26	27	568.720032	-0.772641
9	10	27	28	568.720032	-0.637760
9	10	28	29	568.720032	-0.582255
9	11	27	29	550.342529	-2.537911
9	11	29	31	550.342529	-2.041537
9	11	31	33	550.342529	-1.669157
9	11	33	35	550.342529	-1.465787
9	11	35	37	550.342529	-1.264113
9	11	37	39	550.342529	-1.072287
9	11	39	41	550.342529	-0.896204
9	11	41	28	550.342529	9.647238
9	11	28	30	550.342529	-2.298762
9	11	30	32	550.342529	-1.861263
9	11	32	34	550.342529	-1.553932
9	11	34	36	550.342529	-1.332710
9	11	36	38	550.342529	-1.183436
9	11	38	40	550.342529	-0.981233
10	11	12	13	542.250916	-982.941848
10	11	13	14	542.250916	-232.474083
10	11	14	15	542.250916	-86.202044
10	11	15	16	542.250916	-39.037145
10	11	16	17	542.250916	-20.206111
10	11	17	18	542.250916	-12.370167
10	11	18	19	542.250916	-7.831461
10	11	19	20	542.250916	-5.295712
10	11	20	21	542.250916	-3.467403
10	11	21	22	542.250916	-2.558523
10	11	22	23	542.250916	-1.915365
10	11	23	24	542.250916	-1.485725
10	11	24	25	542.250916	-1.296034
10	11	25	26	542.250916	-1.099622
10	11	26	27	542.250916	-0.855080
10	11	27	28	542.250916	-0.686081
10	11	28	29	542.250916	-0.655863
10	11	29	30	542.250916	-0.562220
10	12	28	30	549.960083	-2.857726
10	12	30	32	549.960083	-2.229221
10	12	32	34	549.960083	-1.858729
10	12	34	36	549.960083	-1.580203
10	12	36	38	549.960083	-1.352057
10	12	38	40	549.960083	-1.139419
10	12	40	42	549.960083	-0.960189
10	12	42	29	549.960083	10.458266
10	12	29	31	549.960083	-2.515050
10	12	31	33	549.960083	-1.998967
10	12	33	35	549.960083	-1.733310
10	12	35	37	549.960083	-1.464739
10	12	37	39	549.960083	-1.248959
10	12	39	41	549.960083	-1.033857
10	14	39	43	547.082987	-4.762674
10	14	43	47	547.082987	-3.822556
10	14	47	51	547.082987	-2.640855
10	14	51	40	547.082987	9.986351
10	14	40	44	547.082987	-4.560410
10	14	44	48	547.082987	-3.507906
10	14	48	52	547.082987	-2.455179
10	14	52	56	547.082987	-1.823832
10	14	56	60	547.082987	-1.427009
10	14	60	41	547.082987	12.619687
10	14	41	45	547.082987	-4.435120
10	14	45	49	547.082987	-3.138769
10	14	49	42	547.082987	6.511568
10	14	42	46	547.082987	-4.306660
10	14	46	50	547.082987	-2.873937
10	14	50	54	547.082987	-2.106827
10	14	54	58	547.082987	-1.584456
10	14	58	62	547.082987	-1.219910
11	12	13	14	499.862244	-1056.235760
11	12	14	15	499.862244	-241.529941
11	12	15	16	499.862244	-86.832609
11	12	16	17	499.862244	-38.514758
11	12	17	18	499.862244	-21.330283
11	12	18	19	499.862244	-12.307128
11	12	19	20	499.862244	-7.849041
11	12	20	21	499.862244	-4.923543
11	12	21	22	499.862244	-3.410673
11	12	22	23	499.862244	-2.538051
11	12	23	24	499.862244	-1.974509
11	12	24	25	499.862244	-1.640165
11	12	25	26	499.862244	-1.313282
11	12	26	27	499.862244	-1.075280
11	12	27	28	499.862244	-0.844678
11	12	28	29	499.862244	-0.779456
11	12	29	30	499.862244	-0.661348
11	12	30	31	499.862244	-0.600096
11	13	29	31	501.422740	-2.887047
11	13	31	33	501.422740	-2.212182
11	13	33	35	501.422740	-1.906594
11	13	35	37	501.422740	-1.587686
11	13	37	39	501.422740	-1.348891
11	13	39	41	501.422740	-1.108142
11	13	41	43	501.422740	-1.090002
11	13	43	30	501.422740	10.642378
11	13	30	32	501.422740	-2.532572
11	13	32	34	501.422740	-2.064526
11	13	34	36	501.422740	-1.732238
11	13	36	38	501.422740	-1.456746
11	13	38	40	501.422740	-1.227101
11	13	40	42	501.422740	-1.025170
12	13	14	15	507.302907	-1149.785548
12	13	15	16	507.302907	-254.291725
12	13	16	17	507.302907	-88.943663
12	13	17	18	507.302907	-41.983620
12	13	18	19	507.302907	-21.505542
12	13	19	20	507.302907	-12.671499
12	13	20	21	507.302907	-7.445189
12	13	21	22	507.302907	-4.952993
12	13	22	23	507.302907	-3.541557
12	13	23	24	507.302907	-2.681264
12	13	24	25	507.302907	-2.167698
12	13	25	26	507.302907	-1.712740
12	13	26	27	507.302907	-1.374800
12	13	27	28	507.302907	-1.068587
12	13	28	29	507.302907	-0.972591
12	13	29	30	507.302907	-0.819962
12	13	30	31	507.302907	-0.741006
12	13	31	32	507.302907	-0.696631
12	14	30	32	506.191518	-3.067951
12	14	32	34	506.191518	-2.435704
12	14	34	36	506.191518	-2.032340
12	14	36	38	506.191518	-1.692065
12	14	38	40	506.191518	-1.405776
12	14	40	42	506.191518	-1.167523
12	14	42	44	506.191518	-1.227411
12	14	44	31	506.191518	11.386015
12	14	31	33	506.191518	-2.668495
12	14	33	35	506.191518	-2.252523
12	14	35	37	506.191518	-1.854818
12	14	37	39	506.191518	-1.554018
12	14	39	41	506.191518	-1.265958
12	14	41	43	506.191518	-1.234004
12	16	41	45	515.680847	-5.336016
12	16	45	49	515.680847	-3.597338
12	16	49	53	515.680847	-2.639802
12	16	53	42	515.680847	10.295149
12	16	42	46	515.680847	-5.096884
12	16	46	50	515.680847	-3.327091
12	16	50	54	515.680847	-2.395193
12	16	54	58	515.680847	-1.785007
12	16	58	62	515.680847	-1.356705
12	16	62	43	515.680847	12.421188
12	16	43	47	515.680847	-4.515767
12	16	47	51	515.680847	-3.036044
12	16	51	44	515.680847	6.297697
12	16	44	48	515.680847	-4.098542
12	16	48	52	515.680847	-2.815552
12	16	52	56	515.680847	-2.057742
12	16	56	60	515.680847	-1.594092
12	16	60	64	515.680847	-1.172431
12	20	60	68	514.077983	-4.614008
12	20	68	62	514.077983	3.265390
12	20	62	70	514.077983	-4.040612
12	20	70	64	514.077983	2.724820
12	20	64	72	514.077983	-3.445396
13	14	15	16	508.886012	-1186.826933
13	14	16	17	508.886012	-255.163611
13	14	17	18	508.886012	-94.716615
13	14	18	19	508.886012	-40.732760
13	14	19	20	508.886012	-21.467389
13	14	20	21	508.886012	-11.527395
13	14	21	22	508.886012	-7.316326
13	14	22	23	508.886012	-4.942471
13	14	23	24	508.886012	-3.521106
13	14	24	25	508.886012	-2.835272
13	14	25	26	508.886012	-2.265277
13	14	26	27	508.886012	-1.702673
13	14	27	28	508.886012	-1.299035
13	14	28	29	508.886012	-1.192997
13	14	29	30	508.886012	-1.003092
13	14	30	31	508.886012	-0.900916
13	14	31	32	508.886012	-0.772619
13	14	32	33	508.886012	-0.683176
13	15	31	33	505.965759	-3.167565
13	15	33	35	505.965759	-2.587762
13	15	35	37	505.965759	-2.114749
13	15	37	39	505.965759	-1.762725
13	15	39	41	505.965759	-1.424208
13	15	41	43	505.965759	-1.375275
13	15	43	45	505.965759	-1.202360
13	15	45	32	505.965759	11.986650
13	15	32	34	505.965759	-2.880560
13	15	34	36	505.965759	-2.339502
13	15	36	38	505.965759	-1.911803
13	15	38	40	505.965759	-1.587617
13	15	40	42	505.965759	-1.307735
13	15	42	44	505.965759	-1.363259
14	15	16	17	494.624135	-1160.950318
14	15	17	18	494.624135	-265.491359
14	15	18	19	494.624135	-88.593092
14	15	19	20	494.624135	-39.430773
14	15	20	21	494.624135	-18.762240
14	15	21	22	494.624135	-10.927134
14	15	22	23	494.624135	-6.964164
14	15	23	24	494.624135	-4.742918
14	15	24	25	494.624135	-3.654804
14	15	25	26	494.624135	-2.843123
14	15	26	27	494.624135	-2.124387
14	15	27	28	494.624135	-1.569431
14	15	28	29	494.624135	-1.425804
14	15	29	30	494.624135	-1.191698
14	15	30	31	494.624135	-1.051695
14	15	31	32	494.624135	-0.899758
14	15	32	33	494.624135	-0.797838
14	15	33	34	494.624135	-0.720587
14	16	32	34	514.639404	-3.477651
14	16	34	36	514.639404	-2.735964
14	16	36	38	514.639404	-2.236200
14	16	38	40	514.639404	-1.828481
14	16	40	42	514.639404	-1.486971
14	16	42	44	514.639404	-1.539750
14	16	44	46	514.639404	-1.262906
14	16	46	33	514.639404	12.765433
14	16	33	35	514.639404	-3.107797
14	16	35	37	514.639404	-2.480653
14	16	37	39	514.639404	-2.039961
14	16	39	41	514.639404	-1.625935
14	16	41	43	514.639404	-1.557621
14	16	43	45	514.639404	-1.352786
14	18	43	47	496.820953	-5.305010
14	18	47	51	496.820953	-3.445621
14	18	51	55	496.820953	-2.469888
14	18	55	44	496.820953	9.738467
14	18	44	48	496.820953	-4.762425
14	18	48	52	496.820953	-3.200203
14	18	52	56	496.820953	-2.306425
14	18	56	60	496.820953	-1.758366
14	18	60	64	496.820953	-1.282190
14	18	64	45	496.820953	11.891693
14	18	45	49	496.820953	-4.213611
14	18	49	53	496.820953	-2.987127
14	18	53	46	496.820953	5.928134
14	18	46	50	496.820953	-3.815928
14	18	50	54	496.820953	-2.701527
14	18	54	58	496.820953	-1.978973
14	18	58	62	496.820953	-1.488819
14	18	62	66	496.820953	-1.123764
15	16	17	18	511.764598	-1313.964379
15	16	18	19	511.764598	-262.789943
15	16	19	20	511.764598	-90.882935
15	16	20	21	511.764598	-36.263160
15	16	21	22	511.764598	-18.809330
15	16	22	23	511.764598	-11.040420
15	16	23	24	511.764598	-7.021469
15	16	24	25	511.764598	-5.187034
15	16	25	26	511.764598	-3.870261
15	16	26	27	511.764598	-2.839937
15	16	27	28	511.764598	-2.047697
15	16	28	29	511.764598	-1.837341
15	16	29	30	511.764598	-1.505918
15	16	30	31	511.764598	-1.315050
15	16	31	32	511.764598	-1.118216
15	16	32	33	511.764598	-0.976072
15	16	33	34	511.764598	-0.880980
15	16	34	35	511.764598	-0.787316
15	17	33	35	500.382599	-3.519930
15	17	35	37	500.382599	-2.732899
15	17	37	39	500.382599	-2.226723
15	17	39	41	500.382599	-1.755695
15	17	41	43	500.382599	-1.665037
15	17	43	45	500.382599	-1.433035
15	17	45	47	500.382599	-1.175402
15	17	47	34	500.382599	12.647943
15	17	34	36	500.382599	-3.077499
15	17	36	38	500.382599	-2.473111
15	17	38	40	500.382599	-1.982920
15	17	40	42	500.382599	-1.596991
15	17	42	44	500.382599	-1.636038
15	17	44	46	500.382599	-1.331961
16	17	18	19	520.324687	-1167.695846
16	17	19	20	520.324687	-250.480152
16	17	20	21	520.324687	-77.078336
16	17	21	22	520.324687	-34.044651
16	17	22	23	520.324687	-17.788127
16	17	23	24	520.324687	-10.364252
16	17	24	25	520.324687	-7.189257
16	17	25	26	520.324687	-5.177344
16	17	26	27	520.324687	-3.648648
16	17	27	28	520.324687	-2.574926
16	17	28	29	520.324687	-2.280743
16	17	29	30	520.324687	-1.849723
16	17	30	31	520.324687	-1.588193
16	17	31	32	520.324687	-1.309321
16	17	32	33	520.324687	-1.141027
16	17	33	34	520.324687	-1.036277
16	17	34	35	520.324687	-0.904239
16	17	35	36	520.324687	-0.793367
16	18	34	36	511.284139	-3.736360
16	18	36	38	511.284139	-2.937221
16	18	38	40	511.284139	-2.331756
16	18	40	42	511.284139	-1.858119
16	18	42	44	511.284139	-1.884221
16	18	44	46	511.284139	-1.517662
16	18	46	48	511.284139	-1.159667
16	18	48	35	511.284139	13.437237
16	18	35	37	511.284139	-3.311013
16	18	37	39	511.284139	-2.636867
16	18	39	41	511.284139	-2.052789
16	18	41	43	511.284139	-1.922911
16	18	43	45	511.284139	-1.639263
16	18	45	47	511.284139	-1.336865
16	20	45	49	516.091390	-5.268731
16	20	49	53	516.091390	-3.564427
16	20	53	57	516.091390	-2.537483
16	20	57	46	516.091390	9.770720
16	20	46	50	516.091390	-4.695599
16	20	50	54	516.091390	-3.251135
16	20	54	58	516.091390	-2.345178
16	20	58	62	516.091390	-1.743424
16	20	62	66	516.091390	-1.304627
16	20	66	47	516.091390	11.971092
16	20	47	51	516.091390	-4.249750
16	20	51	55	516.091390	-2.959427
16	20	55	48	516.091390	6.016459
16	20	48	52	516.091390	-3.897138
16	20	52	56	516.091390	-2.745093
16	20	56	60	516.091390	-2.067451
16	20	60	64	516.091390	-1.491274
16	20	64	68	516.091390	-1.063226
16	24	64	72	493.427134	-3.871617
17	18	19	20	505.328534	-1209.675579
17	18	20	21	505.328534	-221.861700
17	18	21	22	505.328534	-75.957212
17	18	22	23	505.328534	-33.489292
17	18	23	24	505.328534	-17.138063
17	18	24	25	505.328534	-10.838147
17	18	25	26	505.328534	-7.338368
17	18	26	27	505.328534	-4.965673
17	18	27	28	505.328534	-3.410131
17	18	28	29	505.328534	-2.953657
17	18	29	30	505.328534	-2.344724
17	18	30	31	505.328534	-1.990253
17	18	31	32	505.328534	-1.630034
17	18	32	33	505.328534	-1.392683
17	18	33	34	505.328534	-1.247049
17	18	34	35	505.328534	-1.089657
17	18	35	36	505.328534	-0.947315
17	18	36	37	505.328534	-0.860502
17	19	35	37	488.036326	-3.756483
17	19	37	39	488.036326	-2.887741
17	19	39	41	488.036326	-2.227394
17	19	41	43	488.036326	-2.072031
17	19	43	45	488.036326	-1.743523
17	19	45	47	488.036326	-1.417874
17	19	47	49	488.036326	-1.074179
17	19	49	36	488.036326	13.232950
17	19	36	38	488.036326	-3.330658
17	19	38	40	488.036326	-2.556288
17	19	40	42	488.036326	-2.004989
17	19	42	44	488.036326	-2.015756
17	19	44	46	488.036326	-1.606337
17	19	46	48	488.036326	-1.223893
18	19	20	21	481.385854	-991.521271
18	19	21	22	481.385854	-206.007281
18	19	22	23	481.385854	-70.318722
18	19	23	24	481.385854	-29.447305
18	19	24	25	481.385854	-16.217131
18	19	25	26	481.385854	-10.135813
18	19	26	27	481.385854	-6.309206
18	19	27	28	481.385854	-4.150344
18	19	28	29	481.385854	-3.412530
18	19	29	30	481.385854	-2.916567
18	19	30	31	481.385854	-2.353791
18	19	31	32	481.385854	-1.803633
18	19	32	33	481.385854	-1.582389
18	19	33	34	481.385854	-1.345792
18	19	34	35	481.385854	-1.214033
18	19	35	36	481.385854	-1.032407
18	19	36	37	481.385854	-0.900481
18	19	37	38	481.385854	-0.791742
18	20	36	38	504.568075	-3.828317
18	20	38	40	504.568075	-2.949467
18	20	40	42	504.568075	-2.319035
18	20	42	44	504.568075	-2.290094
18	20	44	46	504.568075	-1.805977
18	20	46	48	504.568075	-1.358614
18	20	48	50	504.568075	-1.127771
18	20	50	37	504.568075	13.676817
18	20	37	39	504.568075	-3.416908
18	20	39	41	504.568075	-2.585903
18	20	41	43	504.568075	-2.370342
18	20	43	45	504.568075	-1.969632
18	20	45	47	504.568075	-1.572292
18	20	47	49	504.568075	-1.199507
18	22	47	51	490.358124	-4.568524
18	22	51	55	490.358124	-3.072898
18	22	55	59	490.358124	-2.265554
18	22	59	48	490.358124	8.623312
18	22	48	52	490.358124	-4.138726
18	22	52	56	490.358124	-2.867280
18	22	56	60	490.358124	-2.121945
18	22	60	64	490.358124	-1.511567
18	22	64	68	490.358124	-1.065695
18	22	68	49	490.358124	10.558244
18	22	49	53	490.358124	-3.816619
18	22	53	57	490.358124	-2.630936
18	22	57	50	490.358124	5.312257
18	22	50	54	490.358124	-3.424436
18	22	54	58	490.358124	-2.422816
18	22	58	62	490.358124	-1.773700
18	22	62	66	490.358124	-1.312866
18	22	66	70	490.358124	-0.945002
19	20	21	22	482.870962	-917.221290
19	20	22	23	482.870962	-203.837314
19	20	23	24	482.870962	-66.301298
19	20	24	25	482.870962	-29.733099
19	20	25	26	482.870962	-16.228350
19	20	26	27	482.870962	-9.192373
19	20	27	28	482.870962	-5.798619
19	20	28	29	482.870962	-4.877103
19	20	29	30	482.870962	-3.516375
19	20	30	31	482.870962	-2.965665
19	20	31	32	482.870962	-2.255937
19	20	32	33	482.870962	-1.941675
19	20	33	34	482.870962	-1.673821
19	20	34	35	482.870962	-1.443404
19	20	35	36	482.870962	-1.320978
19	20	36	37	482.870962	-0.972735
19	20	37	38	482.870962	-0.926595
19	20	38	39	482.870962	-0.842997
19	21	37	39	491.140269	-3.732536
19	21	39	41	491.140269	-2.741867
19	21	41	43	491.140269	-2.487864
19	21	43	45	491.140269	-2.049642
19	21	45	47	491.140269	-1.627481
19	21	47	49	491.140269	-1.214355
19	21	49	51	491.140269	-1.058601
19	21	51	38	491.140269	12.958676
19	21	38	40	491.140269	-3.215754
19	21	40	42	491.140269	-2.451918
19	21	42	44	491.140269	-2.397228
19	21	44	46	491.140269	-1.868395
19	21	46	48	491.140269	-1.389283
19	21	48	50	491.140269	-1.147463
20	21	22	23	513.782125	-913.437011
20	21	23	24	513.782125	-188.382080
20	21	24	25	513.782125	-63.353545
20	21	25	26	513.782125	-28.097199
20	21	26	27	513.782125	-14.679828
20	21	27	28	513.782125	-8.431417
20	21	28	29	513.782125	-6.511117
20	21	29	30	513.782125	-4.749878
20	21	30	31	513.782125	-3.771125
20	21	31	32	513.782125	-2.955351
20	21	32	33	513.782125	-2.414987
20	21	33	34	513.782125	-1.983045
20	21	34	35	513.782125	-1.734423
20	21	35	36	513.782125	-1.352370
20	21	36	37	513.782125	-1.302658
20	21	37	38	513.782125	-1.069843
20	21	38	39	513.782125	-0.943151
20	21	39	40	513.782125	-0.786496
20	22	38	40	495.274780	-3.589822
20	22	40	42	495.274780	-2.665573
20	22	42	44	495.274780	-2.585069
20	22	44	46	495.274780	-1.993030
20	22	46	48	495.274780	-1.468948
20	22	48	50	495.274780	-1.197832
20	22	50	52	495.274780	-0.971493
20	22	52	39	495.274780	12.517948
20	22	39	41	495.274780	-3.049420
20	22	41	43	495.274780	-2.700320
20	22	43	45	495.274780	-2.198571
20	22	45	47	495.274780	-1.719300
20	22	47	49	495.274780	-1.279333
20	22	49	51	495.274780	-1.105911
20	24	49	53	488.042562	-4.252011
20	24	53	57	488.042562	-2.821112
20	24	57	61	488.042562	-2.087849
20	24	61	50	488.042562	7.892450
20	24	50	54	488.042562	-3.769956
20	24	54	58	488.042562	-2.603119
20	24	58	62	488.042562	-1.874789
20	24	62	66	488.042562	-1.371432
20	24	66	70	488.042562	-0.975726
20	24	70	51	488.042562	9.513022
20	24	51	55	488.042562	-3.391298
20	24	55	59	488.042562	-2.425963
20	24	59	52	488.042562	4.846552
20	24	52	56	488.042562	-3.120261
20	24	56	60	488.042562	-2.259106
20	24	60	64	488.042562	-1.586384
20	24	64	68	488.042562	-1.106540
20	24	68	72	488.042562	-0.882558
21	22	23	24	500.676249	-821.846846
21	22	24	25	500.676249	-168.176280
21	22	25	26	500.676249	-55.359476
21	22	26	27	500.676249	-23.670244
21	22	27	28	500.676249	-12.196222
21	22	28	29	500.676249	-8.861516
21	22	29	30	500.676249	-6.268828
21	22	30	31	500.676249	-4.804970
21	22	31	32	500.676249	-3.407654
21	22	32	33	500.676249	-2.854087
21	22	33	34	500.676249	-2.406100
21	22	34	35	500.676249	-1.998831
21	22	35	36	500.676249	-1.624134
21	22	36	37	500.676249	-1.435570
21	22	37	38	500.676249	-1.189673
21	22	38	39	500.676249	-1.047440
21	22	39	40	500.676249	-0.868901
21	22	40	41	500.676249	-0.761724
21	23	39	41	514.731059	-3.615018
21	23	41	43	514.731059	-3.111861
21	23	43	45	514.731059	-2.506537
21	23	45	47	514.731059	-1.941729
21	23	47	49	514.731059	-1.432484
21	23	49	51	514.731059	-1.222895
21	23	51	53	514.731059	-0.981053
21	23	53	40	514.731059	12.894281
21	23	40	42	514.731059	-3.141086
21	23	42	44	514.731059	-2.972282
21	23	44	46	514.731059	-2.260554
21	23	46	48	514.731059	-1.643336
21	23	48	50	514.731059	-1.330670
21	23	50	52	514.731059	-1.072841
22	23	24	25	502.973480	-802.134785
22	23	25	26	502.973480	-152.494270
22	23	26	27	502.973480	-48.646801
22	23	27	28	502.973480	-20.699036
22	23	28	29	502.973480	-13.285684
22	23	29	30	502.973480	-8.984586
22	23	30	31	502.973480	-6.475253
22	23	31	32	502.973480	-4.731636
22	23	32	33	502.973480	-3.674341
22	23	33	34	502.973480	-3.082163
22	23	34	35	502.973480	-2.388187
22	23	35	36	502.973480	-1.963230
22	23	36	37	502.973480	-1.700931
22	23	37	38	502.973480	-1.405938
22	23	38	39	502.973480	-1.219031
22	23	39	40	502.973480	-1.005741
22	23	40	41	502.973480	-0.875202
22	23	41	42	502.973480	-0.757625
22	24	40	42	471.853750	-3.350144
22	24	42	44	471.853750	-3.055012
22	24	44	46	471.853750	-2.306331
22	24	46	48	471.853750	-1.655358
22	24	48	50	471.853750	-1.326829
22	24	50	52	471.853750	-1.056738
22	24	52	54	471.853750	-0.870621
22	24	54	41	471.853750	11.841133
22	24	41	43	471.853750	-3.278505
22	24	43	45	471.853750	-2.576023
22	24	45	47	471.853750	-1.970610
22	24	47	49	471.853750	-1.432282
22	24	49	51	471.853750	-1.211369
22	24	51	53	471.853750	-0.967205
22	26	51	55	503.439911	-4.283597
22	26	55	59	503.439911	-2.921971
22	26	59	63	503.439911	-2.093013
22	26	63	52	503.439911	8.068128
22	26	52	56	503.439911	-3.878843
22	26	56	60	503.439911	-2.741004
22	26	60	64	503.439911	-1.885820
22	26	64	68	503.439911	-1.304886
22	26	68	72	503.439911	-1.029556
22	26	72	53	503.439911	9.697682
22	26	53	57	503.439911	-3.504647
22	26	57	61	503.439911	-2.518119
22	26	61	54	503.439911	5.022319
22	26	54	58	503.439911	-3.194786
22	26	58	62	503.439911	-2.251970
22	26	62	66	503.439911	-1.624763
22	26	66	70	503.439911	-1.144000
23	24	25	26	487.429443	-691.215529
23	24	26	27	487.429443	-128.167814
23	24	27	28	487.429443	-39.714633
23	24	28	29	487.429443	-21.988206
23	24	29	30	487.429443	-12.785845
23	24	30	31	487.429443	-8.785541
23	24	31	32	487.429443	-6.572259
23	24	32	33	487.429443	-4.700088
23	24	33	34	487.429443	-3.732747
23	24	34	35	487.429443	-3.050263
23	24	35	36	487.429443	-2.368021
23	24	36	37	487.429443	-2.017062
23	24	37	38	487.429443	-1.650632
23	24	38	39	487.429443	-1.410789
23	24	39	40	487.429443	-1.148185
23	24	40	41	487.429443	-0.993169
23	24	41	42	487.429443	-0.853521
23	24	42	43	487.429443	-0.950949
23	25	41	43	542.522257	-4.578120
23	25	43	45	542.522257	-3.489222
23	25	45	47	542.522257	-2.633594
23	25	47	49	542.522257	-1.893446
23	25	49	51	542.522257	-1.598715
23	25	51	53	542.522257	-1.254771
23	25	53	55	542.522257	-0.996164
23	25	55	42	542.522257	14.310055
23	25	42	44	542.522257	-4.248069
23	25	44	46	542.522257	-3.121668
23	25	46	48	542.522257	-2.202831
23	25	48	50	542.522257	-1.750627
23	25	50	52	542.522257	-1.388035
23	25	52	54	542.522257	-1.140366
24	25	26	27	506.347239	-680.376405
24	25	27	28	506.347239	-113.235617
24	25	28	29	506.347239	-48.006358
24	25	29	30	506.347239	-24.507260
24	25	30	31	506.347239	-15.652937
24	25	31	32	506.347239	-9.791233
24	25	32	33	506.347239	-7.286961
24	25	33	34	506.347239	-5.812034
24	25	34	35	506.347239	-4.328374
24	25	35	36	506.347239	-3.458746
24	25	36	37	506.347239	-2.786336
24	25	37	38	506.347239	-2.272898
24	25	38	39	506.347239	-1.919648
24	25	39	40	506.347239	-1.542631
24	25	40	41	506.347239	-1.317297
24	25	41	42	506.347239	-1.117278
24	25	42	43	506.347239	-1.249160
24	25	43	44	506.347239	-0.950395
24	26	42	44	490.690013	-4.717314
24	26	44	46	490.690013	-3.320883
24	26	46	48	490.690013	-2.353640
24	26	48	50	490.690013	-1.830422
24	26	50	52	490.690013	-1.444466
24	26	52	54	490.690013	-1.182127
24	26	54	56	490.690013	-0.943880
24	26	56	43	490.690013	13.137921
24	26	43	45	490.690013	-3.837723
24	26	45	47	490.690013	-2.830139
24	26	47	49	490.690013	-1.990849
24	26	49	51	490.690013	-1.675292
24	26	51	53	490.690013	-1.313409
24	26	53	55	490.690013	-1.014340
24	28	53	57	499.336975	-4.089251
24	28	57	61	499.336975	-2.767678
24	28	61	65	499.336975	-1.877809
24	28	65	54	499.336975	7.568484
24	28	54	58	499.336975	-3.648186
24	28	58	62	499.336975	-2.512786
24	28	62	66	499.336975	-1.784433
24	28	66	70	499.336975	-1.244526
24	28	70	55	499.336975	8.184189
24	28	55	59	499.336975	-3.354592
24	28	59	63	499.336975	-2.324053
24	28	63	56	499.336975	4.693957
24	28	56	60	499.336975	-3.087536
24	28	60	64	499.336975	-2.086354
24	28	64	68	499.336975	-1.424956
24	28	68	72	499.336975	-1.117232
25	26	27	28	540.589132	-572.634831
25	26	28	29	540.589132	-128.822107
25	26	29	30	540.589132	-51.416536
25	26	30	31	540.589132	-27.912169
25	26	31	32	540.589132	-16.876264
25	26	32	33	540.589132	-11.493072
25	26	33	34	540.589132	-8.291015
25	26	34	35	540.589132	-6.439795
25	26	35	36	540.589132	-4.799457
25	26	36	37	540.589132	-3.945953
25	26	37	38	540.589132	-3.093226
25	26	38	39	540.589132	-2.580856
25	26	39	40	540.589132	-2.041257
25	26	40	41	540.589132	-1.717221
25	26	41	42	540.589132	-1.444009
25	26	42	43	540.589132	-1.597586
25	26	43	44	540.589132	-1.202919
25	26	44	45	540.589132	-1.086938
25	27	43	45	531.604106	-4.718776
25	27	45	47	531.604106	-3.378521
25	27	47	49	531.604106	-2.381343
25	27	49	51	531.604106	-1.964242
25	27	51	53	531.604106	-1.517880
25	27	53	55	531.604106	-1.189027
25	27	55	57	531.604106	-1.016178
25	27	57	44	531.604106	13.692259
25	27	44	46	531.604106	-4.095800
25	27	46	48	531.604106	-2.808755
25	27	48	50	531.604106	-2.168843
25	27	50	52	531.604106	-1.687955
25	27	52	54	531.604106	-1.363982
25	27	54	56	531.604106	-1.088881
26	27	28	29	515.964498	-464.201478
26	27	29	30	515.964498	-110.094064
26	27	30	31	515.964498	-46.960181
26	27	31	32	515.964498	-24.730087
26	27	32	33	515.964498	-15.221030
26	27	33	34	515.964498	-11.190502
26	27	34	35	515.964498	-7.520044
26	27	35	36	515.964498	-5.731586
26	27	36	37	515.964498	-4.401419
26	27	37	38	515.964498	-3.496645
26	27	38	39	515.964498	-2.852689
26	27	39	40	515.964498	-2.237171
26	27	40	41	515.964498	-1.855626
26	27	41	42	515.964498	-1.540505
26	27	42	43	515.964498	-1.683424
26	27	43	44	515.964498	-1.257457
26	27	44	45	515.964498	-1.120130
26	27	45	46	515.964498	-0.941177
26	28	44	46	528.912333	-4.394422
26	28	46	48	528.912333	-2.907144
26	28	48	50	528.912333	-2.240916
26	28	50	52	528.912333	-1.723088
26	28	52	54	528.912333	-1.375278
26	28	54	56	528.912333	-1.100110
26	28	56	58	528.912333	-0.899167
26	28	58	45	528.912333	12.269144
26	28	45	47	528.912333	-3.597330
26	28	47	49	528.912333	-2.473668
26	28	49	51	528.912333	-2.014251
26	28	51	53	528.912333	-1.545960
26	28	53	55	528.912333	-1.198704
26	28	55	57	528.912333	-1.012876
26	30	55	59	521.878235	-4.052222
26	30	59	63	521.878235	-2.690380
26	30	63	67	521.878235	-1.820895
26	30	67	56	521.878235	7.367665
26	30	56	60	521.878235	-3.675162
26	30	60	64	521.878235	-2.424069
26	30	64	68	521.878235	-1.634394
26	30	68	72	521.878235	-1.264041
26	30	72	57	521.878235	7.943042
26	30	57	61	521.878235	-3.340921
26	30	61	65	521.878235	-2.170641
26	30	65	58	521.878235	4.575296
26	30	58	62	521.878235	-2.951710
26	30	62	66	521.878235	-2.056668
26	30	66	70	521.878235	-1.419046
27	28	29	30	526.771830	-405.606572
27	28	30	31	526.771830	-105.774066
27	28	31	32	526.771830	-43.272160
27	28	32	33	526.771830	-24.021829
27	28	33	34	526.771830	-14.999613
27	28	34	35	526.771830	-10.241550
27	28	35	36	526.771830	-7.122993
27	28	36	37	526.771830	-5.703905
27	28	37	38	526.771830	-4.218911
27	28	38	39	526.771830	-3.381255
27	28	39	40	526.771830	-2.598263
27	28	40	41	526.771830	-2.128435
27	28	41	42	526.771830	-1.740911
27	28	42	43	526.771830	-1.878797
27	28	43	44	526.771830	-1.378885
27	28	44	45	526.771830	-1.220715
27	28	45	46	526.771830	-1.013674
27	28	46	47	526.771830	-0.814227
27	29	45	47	529.229411	-4.243334
27	29	47	49	529.229411	-2.802152
27	29	49	51	529.229411	-2.284494
27	29	51	53	529.229411	-1.731535
27	29	53	55	529.229411	-1.320927
27	29	55	57	529.229411	-1.110384
27	29	57	59	529.229411	-0.881442
27	29	59	46	529.229411	12.040919
27	29	46	48	529.229411	-3.405959
27	29	48	50	529.229411	-2.554889
27	29	50	52	529.229411	-1.940249
27	29	52	54	529.229411	-1.535970
27	29	54	56	529.229411	-1.199749
27	29	56	58	529.229411	-0.981531
28	29	30	31	548.132731	-460.484660
28	29	31	32	548.132731	-117.354454
28	29	32	33	548.132731	-51.012584
28	29	33	34	548.132731	-28.596722
28	29	34	35	548.132731	-17.675525
28	29	35	36	548.132731	-12.010091
28	29	36	37	548.132731	-8.532719
28	29	37	38	548.132731	-6.422420
28	29	38	39	548.132731	-5.034310
28	29	39	40	548.132731	-3.788096
28	29	40	41	548.132731	-3.050943
28	29	41	42	548.132731	-2.455156
28	29	42	43	548.132731	-2.614005
28	29	43	44	548.132731	-1.888077
28	29	44	45	548.132731	-1.651413
28	29	45	46	548.132731	-1.361307
28	29	46	47	548.132731	-1.086891
28	29	47	48	548.132731	-0.884837
28	30	46	48	535.955505	-4.169084
28	30	48	50	535.955505	-3.043028
28	30	50	52	535.955505	-2.294706
28	30	52	54	535.955505	-1.799744
28	30	54	56	535.955505	-1.390054
28	30	56	58	535.955505	-1.125474
28	30	58	60	535.955505	-0.952837
28	30	60	47	535.955505	12.480161
28	30	47	49	535.955505	-3.428729
28	30	49	51	535.955505	-2.720225
28	30	51	53	535.955505	-2.033085
28	30	53	55	535.955505	-1.541696
28	30	55	57	535.955505	-1.277370
28	30	57	59	535.955505	-1.003461
28	32	57	61	566.387980	-4.418194
28	32	61	65	566.387980	-2.755619
28	32	65	69	566.387980	-1.943906
28	32	69	58	566.387980	7.885651
28	32	58	62	566.387980	-3.861051
28	32	62	66	566.387980	-2.629518
28	32	66	70	566.387980	-1.785351
28	32	70	59	566.387980	7.154166
28	32	59	63	566.387980	-3.523965
28	32	63	67	566.387980	-2.313692
28	32	67	60	566.387980	4.738975
28	32	60	64	566.387980	-3.127331
28	32	64	68	566.387980	-2.065063
28	32	68	72	566.387980	-1.584283
29	30	31	32	541.219401	-447.521886
29	30	32	33	541.219401	-118.236953
29	30	33	34	541.219401	-52.313212
29	30	34	35	541.219401	-28.521985
29	30	35	36	541.219401	-17.471590
29	30	36	37	541.219401	-12.139476
29	30	37	38	541.219401	-8.604323
29	30	38	39	541.219401	-6.542693
29	30	39	40	541.219401	-4.801030
29	30	40	41	541.219401	-3.796638
29	30	41	42	541.219401	-3.000250
29	30	42	43	541.219401	-3.143976
29	30	43	44	541.219401	-2.236421
29	30	44	45	541.219401	-1.927215
29	30	45	46	541.219401	-1.566637
29	30	46	47	541.219401	-1.243017
29	30	47	48	541.219401	-0.998880
29	30	48	49	541.219401	-0.841162
29	31	47	49	558.061462	-4.235038
29	31	49	51	558.061462	-3.235725
29	31	51	53	558.061462	-2.415645
29	31	53	55	558.061462	-1.813205
29	31	55	57	558.061462	-1.485346
29	31	57	59	558.061462	-1.157440
29	31	59	61	558.061462	-0.998490
29	31	61	48	558.061462	13.054046
29	31	48	50	558.061462	-3.716183
29	31	50	52	558.061462	-2.750013
29	31	52	54	558.061462	-2.121545
29	31	54	56	558.061462	-1.623323
29	31	56	58	558.061462	-1.298667
29	31	58	60	558.061462	-1.090461
30	31	32	33	541.909444	-496.933217
30	31	33	34	541.909444	-129.463719
30	31	34	35	541.909444	-54.936074
30	31	35	36	541.909444	-29.819583
30	31	36	37	541.909444	-19.062893
30	31	37	38	541.909444	-12.799734
30	31	38	39	541.909444	-9.335714
30	31	39	40	541.909444	-6.648421
30	31	40	41	541.909444	-5.127297
30	31	41	42	541.909444	-3.974410
30	31	42	43	541.909444	-4.078783
30	31	43	44	541.909444	-2.853018
30	31	44	45	541.909444	-2.426303
30	31	45	46	541.909444	-1.942506
30	31	46	47	541.909444	-1.517697
30	31	47	48	541.909444	-1.216131
30	31	48	49	541.909444	-1.012709
30	31	49	50	541.909444	-0.952361
30	32	48	50	560.795146	-4.415681
30	32	50	52	560.795146	-3.121221
30	32	52	54	560.795146	-2.422968
30	32	54	56	560.795146	-1.832317
30	32	56	58	560.795146	-1.446532
30	32	58	60	560.795146	-1.204805
30	32	60	62	560.795146	-0.878505
30	32	62	49	560.795146	13.071344
30	32	49	51	560.795146	-3.814498
30	32	51	53	560.795146	-2.776899
30	32	53	55	560.795146	-2.059219
30	32	55	57	560.795146	-1.664296
30	32	57	59	560.795146	-1.282915
30	32	59	61	560.795146	-1.094783
30	34	59	63	563.618815	-4.290381
30	34	63	67	563.618815	-2.706145
30	34	67	71	563.618815	-1.966259
30	34	71	60	563.618815	7.614599
30	34	60	64	563.618815	-3.750831
30	34	64	68	563.618815	-2.436233
30	34	68	72	563.618815	-1.830548
30	34	72	61	563.618815	6.892190
30	34	61	65	563.618815	-3.321374
30	34	65	69	563.618815	-2.274158
30	34	69	62	563.618815	4.748481
30	34	62	66	563.618815	-3.118483
30	34	66	70	563.618815	-2.084393
31	32	33	34	572.828471	-537.520189
31	32	34	35	572.828471	-135.238397
31	32	35	36	572.828471	-58.254238
31	32	36	37	572.828471	-32.718294
31	32	37	38	572.828471	-20.217168
31	32	38	39	572.828471	-13.921827
31	32	39	40	572.828471	-9.534039
31	32	40	41	572.828471	-7.130609
31	32	41	42	572.828471	-5.385370
31	32	42	43	572.828471	-5.409630
31	32	43	44	572.828471	-3.708234
31	32	44	45	572.828471	-3.099403
31	32	45	46	572.828471	-2.450394
31	32	46	47	572.828471	-1.880234
31	32	47	48	572.828471	-1.489732
31	32	48	49	572.828471	-1.232170
31	32	49	50	572.828471	-1.147737
31	32	50	51	572.828471	-0.922173
31	33	49	51	565.407918	-4.521424
31	33	51	53	565.407918	-3.187768
31	33	53	55	565.407918	-2.346424
31	33	55	57	565.407918	-1.873302
31	33	57	59	565.407918	-1.426875
31	33	59	61	565.407918	-1.208959
31	33	61	63	565.407918	-0.873707
31	33	63	50	565.407918	12.948436
31	33	50	52	565.407918	-3.707595
31	33	52	54	565.407918	-2.795744
31	33	54	56	565.407918	-2.069179
31	33	56	58	565.407918	-1.618178
31	33	58	60	565.407918	-1.334429
31	33	60	62	565.407918	-0.965772
32	33	34	35	584.290853	-572.374150
32	33	35	36	584.290853	-145.251297
32	33	36	37	584.290853	-65.049504
32	33	37	38	584.290853	-35.235083
32	33	38	39	584.290853	-22.277626
32	33	39	40	584.290853	-14.424647
32	33	40	41	584.290853	-10.362967
32	33	41	42	584.290853	-7.573028
32	33	42	43	584.290853	-7.401118
32	33	43	44	584.290853	-4.949034
32	33	44	45	584.290853	-4.056156
32	33	45	46	584.290853	-3.150641
32	33	46	47	584.290853	-2.382221
32	33	47	48	584.290853	-1.858883
32	33	48	49	584.290853	-1.514017
32	33	49	50	584.290853	-1.405287
32	33	50	51	584.290853	-1.120377
32	33	51	52	584.290853	-0.951435
32	34	50	52	602.671875	-4.835353
32	34	52	54	602.671875	-3.520330
32	34	54	56	602.671875	-2.602325
32	34	56	58	602.671875	-2.005773
32	34	58	60	602.671875	-1.628585
32	34	60	62	602.671875	-1.167360
32	34	62	64	602.671875	-1.044397
32	34	64	51	602.671875	14.205985
32	34	51	53	602.671875	-4.132734
32	34	53	55	602.671875	-2.968772
32	34	55	57	602.671875	-2.335046
32	34	57	59	602.671875	-1.755036
32	34	59	61	602.671875	-1.470550
32	34	61	63	602.671875	-1.052079
32	36	61	65	613.821920	-4.479143
32	36	65	69	613.821920	-2.950281
32	36	69	62	613.821920	6.287953
32	36	62	66	613.821920	-4.159813
32	36	66	70	613.821920	-2.717818
32	36	70	63	613.821920	5.610647
32	36	63	67	613.821920	-3.613447
32	36	67	71	613.821920	-2.558757
32	36	71	64	613.821920	5.047707
32	36	64	68	613.821920	-3.200197
32	36	68	72	613.821920	-2.371268
33	34	35	36	591.973083	-648.937005
33	34	36	37	591.973083	-172.570954
33	34	37	38	591.973083	-73.671246
33	34	38	39	591.973083	-40.322493
33	34	39	40	591.973083	-24.008482
33	34	40	41	591.973083	-16.258689
33	34	41	42	591.973083	-11.386819
33	34	42	43	591.973083	-10.740684
33	34	43	44	591.973083	-6.964811
33	34	44	45	591.973083	-5.587848
33	34	45	46	591.973083	-4.250974
33	34	46	47	591.973083	-3.159031
33	34	47	48	591.973083	-2.423148
33	34	48	49	591.973083	-1.949468
33	34	49	50	591.973083	-1.787586
33	34	50	51	591.973083	-1.420373
33	34	51	52	591.973083	-1.193307
33	34	52	53	591.973083	-1.043111
33	35	51	53	611.691386	-5.116796
33	35	53	55	611.691386	-3.539160
33	35	55	57	611.691386	-2.783071
33	35	57	59	611.691386	-2.058580
33	35	59	61	611.691386	-1.704890
33	35	61	63	611.691386	-1.203981
33	35	63	65	611.691386	-1.019623
33	35	65	52	611.691386	14.716657
33	35	52	54	611.691386	-4.328247
33	35	54	56	611.691386	-3.123220
33	35	56	58	611.691386	-2.370001
33	35	58	60	611.691386	-1.897123
33	35	60	62	611.691386	-1.343926
33	35	62	64	611.691386	-1.189202
34	35	36	37	624.222941	-754.684123
34	35	37	38	624.222941	-195.988797
34	35	38	39	624.222941	-83.179772
34	35	39	40	624.222941	-43.356353
34	35	40	41	624.222941	-26.827185
34	35	41	42	624.222941	-17.728206
34	35	42	43	624.222941	-15.981631
34	35	43	44	624.222941	-10.002166
34	35	44	45	624.222941	-7.800876
34	35	45	46	624.222941	-5.811807
34	35	46	47	624.222941	-4.227919
34	35	47	48	624.222941	-3.185424
34	35	48	49	624.222941	-2.529572
34	35	49	50	624.222941	-2.289204
34	35	50	51	624.222941	-1.804960
34	35	51	52	624.222941	-1.508114
34	35	52	53	624.222941	-1.312008
34	35	53	54	624.222941	-1.077931
34	36	52	54	622.500997	-5.245294
34	36	54	56	622.500997	-3.666263
34	36	56	58	622.500997	-2.764929
34	36	58	60	622.500997	-2.181053
34	36	60	62	622.500997	-1.522091
34	36	62	64	622.500997	-1.335804
34	36	64	66	622.500997	-0.984009
34	36	66	53	622.500997	14.835417
34	36	53	55	622.500997	-4.269985
34	36	55	57	622.500997	-3.275272
34	36	57	59	622.500997	-2.381586
34	36	59	61	622.500997	-1.944999
34	36	61	63	622.500997	-1.352484
34	36	63	65	622.500997	-1.140135
34	38	63	67	589.475972	-4.248639
34	38	67	71	589.475972	-2.927505
34	38	71	64	589.475972	5.857515
34	38	64	68	589.475972	-3.707859
34	38	68	72	589.475972	-2.677866
34	38	72	65	589.475972	5.285768
34	38	65	69	589.475972	-3.457326
34	38	69	66	589.475972	2.501356
34	38	66	70	589.475972	-3.171458
35	36	37	38	640.985433	-854.976789
35	36	38	39	640.985433	-215.618886
35	36	39	40	640.985433	-87.957038
35	36	40	41	640.985433	-47.235917
35	36	41	42	640.985433	-28.582272
35	36	42	43	640.985433	-24.229918
35	36	43	44	640.985433	-14.454418
35	36	44	45	640.985433	-10.898882
35	36	45	46	640.985433	-7.886709
35	36	46	47	640.985433	-5.599787
35	36	47	48	640.985433	-4.131351
35	36	48	49	640.985433	-3.230121
35	36	49	50	640.985433	-2.884077
35	36	50	51	640.985433	-2.251990
35	36	51	52	640.985433	-1.852983
35	36	52	53	640.985433	-1.601173
35	36	53	54	640.985433	-1.308706
35	36	54	55	640.985433	-1.063774
35	37	53	55	621.439657	-5.069085
35	37	55	57	621.439657	-3.839819
35	37	57	59	621.439657	-2.732788
35	37	59	61	621.439657	-2.207078
35	37	61	63	621.439657	-1.538163
35	37	63	65	621.439657	-1.267208
35	37	65	67	621.439657	-0.949401
35	37	67	54	621.439657	14.810643
35	37	54	56	621.439657	-4.355568
35	37	56	58	621.439657	-3.231266
35	37	58	60	621.439657	-2.472548
35	37	60	62	621.439657	-1.709801
35	37	62	64	621.439657	-1.507071
35	37	64	66	621.439657	-1.075720
36	37	38	39	622.158875	-892.116539
36	37	39	40	622.158875	-219.114678
36	37	40	41	622.158875	-92.178675
36	37	41	42	622.158875	-48.570754
36	37	42	43	622.158875	-37.928611
36	37	43	44	622.158875	-21.109226
36	37	44	45	622.158875	-14.917379
36	37	45	46	622.158875	-10.971854
36	37	46	47	622.158875	-7.330339
36	37	47	48	622.158875	-5.330726
36	37	48	49	622.158875	-4.054090
36	37	49	50	622.158875	-3.571394
36	37	50	51	622.158875	-2.743637
36	37	51	52	622.158875	-2.240253
36	37	52	53	622.158875	-1.910277
36	37	53	54	622.158875	-1.537615
36	37	54	55	622.158875	-1.234068
36	37	55	56	622.158875	-1.137021
36	38	54	56	603.125529	-5.155495
36	38	56	58	603.125529	-3.627960
36	38	58	60	603.125529	-2.734089
36	38	60	62	603.125529	-1.878302
36	38	62	64	603.125529	-1.633351
36	38	64	66	603.125529	-1.155455
36	38	66	68	603.125529	-0.908943
36	38	68	55	603.125529	14.330919
36	38	55	57	603.125529	-4.364510
36	38	57	59	603.125529	-3.047767
36	38	59	61	603.125529	-2.427414
36	38	61	63	603.125529	-1.680888
36	38	63	65	603.125529	-1.368315
36	38	65	67	603.125529	-1.014120
36	40	65	69	567.233948	-4.003670
36	40	69	66	567.233948	2.873262
36	40	66	70	567.233948	-3.646431
36	40	70	67	567.233948	2.642039
36	40	67	71	567.233948	-3.360813
36	40	71	68	567.233948	2.461163
36	40	68	72	567.233948	-3.052158
37	38	39	40	593.986206	-842.291897
37	38	40	41	593.986206	-216.017072
37	38	41	42	593.986206	-90.322552
37	38	42	43	593.986206	-61.515786
37	38	43	44	593.986206	-31.187860
37	38	44	45	593.986206	-21.677501
37	38	45	46	593.986206	-13.915403
37	38	46	47	593.986206	-9.426159
37	38	47	48	593.986206	-6.545767
37	38	48	49	593.986206	-5.000603
37	38	49	50	593.986206	-4.218011
37	38	50	51	593.986206	-3.148338
37	38	51	52	593.986206	-2.691303
37	38	52	53	593.986206	-2.123998
37	38	53	54	593.986206	-1.617092
37	38	54	55	593.986206	-1.538695
37	38	55	56	593.986206	-1.254390
37	38	56	57	593.986206	-1.025886
37	39	55	57	624.593180	-5.350036
37	39	57	59	624.593180	-3.633615
37	39	59	61	624.593180	-2.866635
37	39	61	63	624.593180	-1.910699
37	39	63	65	624.593180	-1.573380
37	39	65	67	624.593180	-1.185749
37	39	67	69	624.593180	-1.026716
37	39	69	56	624.593180	14.624118
37	39	56	58	624.593180	-4.370944
37	39	58	60	624.593180	-3.277576
37	39	60	62	624.593180	-2.192590
37	39	62	64	624.593180	-1.863106
37	39	64	66	624.593180	-1.345674
37	39	66	68	624.593180	-1.062310
38	39	40	41	606.913981	-848.255638
38	39	41	42	606.913981	-223.538734
38	39	42	43	606.913981	-119.709221
38	39	43	44	606.913981	-53.348277
38	39	44	45	606.913981	-33.420692
38	39	45	46	606.913981	-21.661130
38	39	46	47	606.913981	-13.648935
38	39	47	48	606.913981	-9.072230
38	39	48	49	606.913981	-6.644789
38	39	49	50	606.913981	-5.686212
38	39	50	51	606.913981	-4.272185
38	39	51	52	606.913981	-3.236912
38	39	52	53	606.913981	-2.773197
38	39	53	54	606.913981	-2.181140
38	39	54	55	606.913981	-1.776147
38	39	55	56	606.913981	-1.561087
38	39	56	57	606.913981	-1.263868
38	39	57	58	606.913981	-1.034124
38	40	56	58	540.622274	-4.381380
38	40	58	60	540.622274	-3.197290
38	40	60	62	540.622274	-2.122884
38	40	62	64	540.622274	-1.779895
38	40	64	66	540.622274	-1.270695
38	40	66	68	540.622274	-0.999290
38	40	68	70	540.622274	-0.876537
38	40	70	57	540.622274	12.224647
38	40	57	59	540.622274	-3.627202
38	40	59	61	540.622274	-2.783736
38	40	61	63	540.622274	-1.840600
38	40	63	65	540.622274	-1.493645
38	40	65	67	540.622274	-1.116313
38	40	67	69	540.622274	-0.964535
38	42	67	71	519.085693	-3.665201
38	42	71	68	519.085693	2.633721
38	42	68	72	519.085693	-3.363218
39	40	41	42	568.481181	-805.655817
39	40	42	43	568.481181	-263.016836
39	40	43	44	568.481181	-91.583218
39	40	44	45	568.481181	-52.341723
39	40	45	46	568.481181	-29.987190
39	40	46	47	568.481181	-17.749935
39	40	47	48	568.481181	-11.559274
39	40	48	49	568.481181	-8.239839
39	40	49	50	568.481181	-6.701664
39	40	50	51	568.481181	-4.836505
39	40	51	52	568.481181	-3.774160
39	40	52	53	568.481181	-3.123860
39	40	53	54	568.481181	-2.597698
39	40	54	55	568.481181	-1.699671
39	40	55	56	568.481181	-1.654217
39	40	56	57	568.481181	-1.343246
39	40	57	58	568.481181	-1.095030
39	40	58	59	568.481181	-0.909846
39	41	57	59	615.849294	-8.354216
39	41	59	61	615.849294	-5.209363
39	41	61	63	615.849294	-3.049519
39	41	63	65	615.849294	-2.351623
39	41	65	67	615.849294	-1.703546
39	41	67	69	615.849294	-1.424465
39	41	69	71	615.849294	-1.120504
39	41	71	58	615.849294	18.448553
39	41	58	60	615.849294	-6.590312
39	41	60	62	615.849294	-3.714961
39	41	62	64	615.849294	-2.864685
39	41	64	66	615.849294	-1.962504
39	41	66	68	615.849294	-1.496371
39	41	68	70	615.849294	-1.267712
40	41	42	43	559.491058	-1018.443521
40	41	43	44	559.491058	-200.156121
40	41	44	45	559.491058	-92.821584
40	41	45	46	559.491058	-47.792642
40	41	46	47	559.491058	-25.647879
40	41	47	48	559.491058	-15.111285
40	41	48	49	559.491058	-8.860962
40	41	49	50	559.491058	-6.851727
40	41	50	51	559.491058	-3.447558
40	41	54	55	559.491058	-3.501826
40	42	58	60	499.034882	-3.997101
40	42	60	62	499.034882	-2.515272
40	42	62	64	499.034882	-2.072988
40	42	64	66	499.034882	-1.438367
40	42	66	68	499.034882	-1.122437
40	42	68	70	499.034882	-0.950604
40	42	70	72	499.034882	-0.806759
40	42	72	59	499.034882	10.827430
40	42	59	61	499.034882	-3.387668
40	42	61	63	499.034882	-2.152847
40	42	63	65	499.034882	-1.713748
40	42	65	67	499.034882	-1.261058
40	42	67	69	499.034882	-1.072374
40	42	69	71	499.034882	-0.845747
41	42	43	44	529.647125	-686.473659
41	42	44	45	529.647125	-211.050227
41	42	45	46	529.647125	-93.027536
41	42	46	47	529.647125	-46.128039
41	42	47	48	529.647125	-26.440810
41	42	48	49	529.647125	-17.479499
41	42	49	50	529.647125	-13.936583
41	42	50	51	529.647125	-10.801784
41	42	51	52	529.647125	-9.777777
41	42	54	55	529.647125	-1.565923
41	43	59	61	540.032969	-2.558590
41	43	61	63	540.032969	-2.048447
41	43	63	65	540.032969	-1.735173
41	43	65	67	540.032969	-1.316850
41	43	67	69	540.032969	-1.156345
41	43	69	71	540.032969	-0.914924
41	43	71	60	540.032969	8.415100
41	43	60	62	540.032969	-2.206476
41	43	62	64	540.032969	-2.046140
41	43	64	66	540.032969	-1.481357
41	43	66	68	540.032969	-1.181686
41	43	68	70	540.032969	-1.049648
41	43	70	72	540.032969	-0.846326
42	43	44	45	497.400798	-980.134736
42	43	45	46	497.400798	-279.501503
42	43	46	47	497.400798	-110.070935
42	43	47	48	497.400798	-53.749846
42	43	48	49	497.400798	-30.423669
42	43	49	50	497.400798	-22.022261
42	43	50	51	497.400798	-14.945281
42	43	51	52	497.400798	-10.296184
42	43	52	53	497.400798	-7.957845
42	43	53	54	497.400798	-5.996478
42	43	54	55	497.400798	-4.275885
42	43	55	56	497.400798	-3.635524
42	43	56	57	497.400798	-2.802313
42	43	57	58	497.400798	-2.199089
42	43	58	59	497.400798	-1.789202
42	43	59	60	497.400798	-1.606721
42	43	60	61	497.400798	-1.237627
42	43	61	62	497.400798	-0.861001
42	44	60	62	476.311768	-4.195149
42	44	62	64	476.311768	-3.240846
42	44	64	66	476.311768	-2.236875
42	44	66	68	476.311768	-1.683678
42	44	68	70	476.311768	-1.438663
42	44	70	72	476.311768	-1.135183
42	44	72	61	476.311768	11.460985
42	44	61	63	476.311768	-3.467108
42	44	63	65	476.311768	-2.680071
42	44	65	67	476.311768	-1.926607
42	44	67	69	476.311768	-1.603310
42	44	69	71	476.311768	-1.248002
43	44	45	46	482.110331	-1027.191245
43	44	46	47	482.110331	-252.388729
43	44	47	48	482.110331	-99.609896
43	44	48	49	482.110331	-48.382301
43	44	49	50	482.110331	-32.051678
43	44	50	51	482.110331	-19.140956
43	44	51	52	482.110331	-13.422701
43	44	52	53	482.110331	-10.043135
43	44	53	54	482.110331	-7.153498
43	44	54	55	482.110331	-5.214721
43	44	55	56	482.110331	-4.201081
43	44	56	57	482.110331	-3.184481
43	44	57	58	482.110331	-2.439206
43	44	58	59	482.110331	-1.950194
43	44	59	60	482.110331	-1.716165
43	44	60	61	482.110331	-1.305379
43	44	61	62	482.110331	-0.900868
43	44	62	63	482.110331	-0.914963
43	45	61	63	469.174550	-3.987467
43	45	63	65	469.174550	-2.992760
43	45	65	67	469.174550	-2.136749
43	45	67	69	469.174550	-1.755336
43	45	69	71	469.174550	-1.345615
43	45	71	62	469.174550	10.264461
43	45	62	64	469.174550	-3.678376
43	45	64	66	469.174550	-2.507941
43	45	66	68	469.174550	-1.839974
43	45	68	70	469.174550	-1.597516
43	45	70	72	469.174550	-1.163287
44	45	46	47	463.927073	-1041.068109
44	45	47	48	463.927073	-258.463393
44	45	48	49	463.927073	-98.935769
44	45	49	50	463.927073	-56.910282
44	45	50	51	463.927073	-32.432284
44	45	51	52	463.927073	-20.421652
44	45	52	53	463.927073	-14.404090
44	45	53	54	463.927073	-9.944826
44	45	54	55	463.927073	-7.004423
44	45	55	56	463.927073	-5.659562
44	45	56	57	463.927073	-4.170597
44	45	57	58	463.927073	-3.181241
44	45	58	59	463.927073	-2.459983
44	45	59	60	463.927073	-2.147645
44	45	60	61	463.927073	-1.603499
44	45	61	62	463.927073	-1.058240
44	45	62	63	463.927073	-1.123083
44	45	63	64	463.927073	-0.910768
44	46	62	64	508.593241	-4.898332
44	46	64	66	508.593241	-3.136044
44	46	66	68	508.593241	-2.364260
44	46	68	70	508.593241	-1.947221
44	46	70	72	508.593241	-1.556307
44	46	72	63	508.593241	11.280275
44	46	63	65	508.593241	-3.898456
44	46	65	67	508.593241	-2.736245
44	46	67	69	508.593241	-2.206271
44	46	69	71	508.593241	-1.705019
45	46	47	48	495.613647	-1125.369205
45	46	48	49	495.613647	-264.490781
45	46	49	50	495.613647	-123.400991
45	46	50	51	495.613647	-60.725364
45	46	51	52	495.613647	-36.072863
45	46	52	53	495.613647	-23.437770
45	46	53	54	495.613647	-15.660336
45	46	54	55	495.613647	-10.727476
45	46	55	56	495.613647	-8.171644
45	46	56	57	495.613647	-5.926014
45	46	57	58	495.613647	-4.356585
45	46	58	59	495.613647	-3.346797
45	46	59	60	495.613647	-2.853254
45	46	60	61	495.613647	-2.080004
45	46	61	62	495.613647	-1.389507
45	46	62	63	495.613647	-1.370758
45	46	63	64	495.613647	-1.188483
45	46	64	65	495.613647	-0.867775
45	47	63	65	502.808787	-4.458643
45	47	65	67	502.808787	-3.008862
45	47	67	69	502.808787	-2.419964
45	47	69	71	502.808787	-1.859068
45	47	71	64	502.808787	9.247986
45	47	64	66	502.808787	-3.606266
45	47	66	68	502.808787	-2.625182
45	47	68	70	502.808787	-2.115628
45	47	70	72	502.808787	-1.723962
46	47	48	49	567.375895	-1073.670669
46	47	49	50	567.375895	-322.406107
46	47	50	51	567.375895	-132.576524
46	47	51	52	567.375895	-68.635445
46	47	52	53	567.375895	-41.495892
46	47	53	54	567.375895	-26.101566
46	47	54	55	567.375895	-16.426408
46	47	55	56	567.375895	-12.450154
46	47	56	57	567.375895	-8.715360
46	47	57	58	567.375895	-6.304511
46	47	58	59	567.375895	-4.700602
46	47	59	60	567.375895	-3.928124
46	47	60	61	567.375895	-2.809346
46	47	61	62	567.375895	-1.821381
46	47	62	63	567.375895	-1.805469
46	47	63	64	567.375895	-1.473956
46	47	64	65	567.375895	-1.160446
46	47	65	66	567.375895	-0.983064
46	48	64	66	560.008179	-4.506607
46	48	66	68	560.008179	-3.147256
46	48	68	70	560.008179	-2.604791
46	48	70	72	560.008179	-1.959706
46	48	72	65	560.008179	9.815231
46	48	65	67	560.008179	-3.745311
46	48	67	69	560.008179	-2.951555
46	48	69	71	560.008179	-2.211739
47	48	49	50	568.381999	-1069.197958
47	48	50	51	568.381999	-299.170458
47	48	51	52	568.381999	-127.141843
47	48	52	53	568.381999	-67.664495
47	48	53	54	568.381999	-39.075194
47	48	54	55	568.381999	-23.474281
47	48	55	56	568.381999	-16.886858
47	48	56	57	568.381999	-11.437836
47	48	57	58	568.381999	-8.022245
47	48	58	59	568.381999	-5.838898
47	48	59	60	568.381999	-4.769083
47	48	60	61	568.381999	-3.346980
47	48	61	62	568.381999	-2.118435
47	48	62	63	568.381999	-2.064810
47	48	63	64	568.381999	-1.679459
47	48	64	65	568.381999	-1.276658
47	48	65	66	568.381999	-1.112319
47	48	66	67	568.381999	-0.886444
47	49	65	67	515.477966	-3.858397
47	49	67	69	515.477966	-3.036998
47	49	69	71	515.477966	-2.226189
47	49	71	66	515.477966	6.974593
47	49	66	68	515.477966	-3.288778
47	49	68	70	515.477966	-2.616973
47	49	70	72	515.477966	-2.025069
48	49	50	51	510.584554	-955.297199
48	49	51	52	510.584554	-268.456176
48	49	52	53	510.584554	-115.843830
48	49	53	54	510.584554	-58.767415
48	49	54	55	510.584554	-32.494224
48	49	55	56	510.584554	-21.983296
48	49	56	57	510.584554	-14.246415
48	49	57	58	510.584554	-9.645663
48	49	58	59	510.584554	-6.794438
48	49	59	60	510.584554	-5.432479
48	49	60	61	510.584554	-3.712494
48	49	61	62	510.584554	-2.294486
48	49	62	63	510.584554	-2.200332
48	49	63	64	510.584554	-1.780023
48	49	64	65	510.584554	-1.308307
48	49	65	66	510.584554	-1.149511
48	49	66	67	510.584554	-0.905960
48	49	67	68	510.584554	-0.828764
48	50	66	68	502.539256	-3.804535
48	50	68	70	502.539256	-3.029214
48	50	70	72	502.539256	-2.259082
48	50	72	67	502.539256	7.076361
48	50	67	69	502.539256	-3.488827
48	50	69	71	502.539256	-2.541958
49	50	51	52	461.626231	-938.346246
49	50	52	53	461.626231	-263.782908
49	50	53	54	461.626231	-107.467320
49	50	54	55	461.626231	-52.619643
49	50	55	56	461.626231	-32.898226
49	50	56	57	461.626231	-20.070235
49	50	57	58	461.626231	-13.082652
49	50	58	59	461.626231	-8.873847
49	50	59	60	461.626231	-6.866270
49	50	60	61	461.626231	-4.577155
49	50	61	62	461.626231	-2.741861
49	50	62	63	461.626231	-2.577077
49	50	63	64	461.626231	-2.024641
49	50	64	65	461.626231	-1.529271
49	50	65	66	461.626231	-1.286319
49	50	66	67	461.626231	-1.036949
49	50	67	68	461.626231	-0.901593
49	50	68	69	461.626231	-0.861008
49	51	67	69	501.018188	-4.064609
49	51	69	71	501.018188	-2.868465
49	51	71	68	501.018188	4.857440
49	51	68	70	501.018188	-3.476543
49	51	70	72	501.018188	-2.558551
50	51	52	53	493.359202	-967.440981
50	51	53	54	493.359202	-253.650022
50	51	54	55	493.359202	-101.118309
50	51	55	56	493.359202	-55.904435
50	51	56	57	493.359202	-31.470111
50	51	57	58	493.359202	-19.362577
50	51	58	59	493.359202	-12.533003
50	51	59	60	493.359202	-9.314661
50	51	60	61	493.359202	-5.971011
50	51	61	62	493.359202	-3.499492
50	51	62	63	493.359202	-3.187544
50	51	63	64	493.359202	-2.497384
50	51	64	65	493.359202	-1.850694
50	51	65	66	493.359202	-1.559986
50	51	66	67	493.359202	-1.217413
50	51	67	68	493.359202	-1.089475
50	51	68	69	493.359202	-0.983466
50	51	69	70	493.359202	-0.806762
50	52	68	70	480.620249	-3.713778
50	52	70	72	480.620249	-2.712520
50	52	72	69	480.620249	4.356505
50	52	69	71	480.620249	-3.093987
51	52	53	54	522.848572	-993.831735
51	52	54	55	522.848572	-245.060237
51	52	55	56	522.848572	-111.495019
51	52	56	57	522.848572	-55.504816
51	52	57	58	522.848572	-31.577654
51	52	58	59	522.848572	-19.215943
51	52	59	60	522.848572	-13.655636
51	52	60	61	522.848572	-8.386998
51	52	61	62	522.848572	-4.674003
51	52	62	63	522.848572	-4.143848
51	52	63	64	522.848572	-3.179693
51	52	64	65	522.848572	-2.303712
51	52	65	66	522.848572	-1.922065
51	52	66	67	522.848572	-1.486621
51	52	67	68	522.848572	-1.306238
51	52	68	69	522.848572	-1.198113
51	52	69	70	522.848572	-0.939840
51	52	70	71	522.848572	-0.839672
51	53	69	71	528.134806	-3.936069
51	53	71	70	528.134806	1.873267
51	53	70	72	528.134806	-3.421750
52	53	54	55	513.551005	-864.535364
52	53	55	56	513.551005	-259.249299
52	53	56	57	513.551005	-105.543977
52	53	57	58	513.551005	-53.601904
52	53	58	59	513.551005	-30.000147
52	53	59	60	513.551005	-20.106192
52	53	60	61	513.551005	-11.711122
52	53	61	62	513.551005	-6.194986
52	53	62	63	513.551005	-5.267444
52	53	63	64	513.551005	-3.938587
52	53	64	65	513.551005	-2.820428
52	53	65	66	513.551005	-2.317024
52	53	66	67	513.551005	-1.777736
52	53	67	68	513.551005	-1.535926
52	53	68	69	513.551005	-1.396579
52	53	69	70	513.551005	-1.091151
52	53	70	71	513.551005	-0.975404
52	53	71	72	513.551005	-0.816226
52	54	70	72	508.502279	-3.821224
53	54	55	56	510.209218	-962.628038
53	54	56	57	510.209218	-247.370448
53	54	57	58	510.209218	-102.332777
53	54	58	59	510.209218	-50.160799
53	54	59	60	510.209218	-30.993835
53	54	60	61	510.209218	-16.832858
53	54	61	62	510.209218	-8.240644
53	54	62	63	510.209218	-6.633539
53	54	63	64	510.209218	-4.787674
53	54	64	65	510.209218	-3.330478
53	54	65	66	510.209218	-2.686943
53	54	66	67	510.209218	-2.040582
53	54	67	68	510.209218	-1.740082
53	54	68	69	510.209218	-1.572213
53	54	69	70	510.209218	-1.205872
53	54	70	71	510.209218	-1.072711
53	54	71	72	510.209218	-0.894067
54	55	56	57	511.267497	-947.245216
54	55	57	58	511.267497	-254.830342
54	55	58	59	511.267497	-100.055801
54	55	59	60	511.267497	-54.782788
54	55	60	61	511.267497	-27.096548
54	55	61	62	511.267497	-11.696752
54	55	62	63	511.267497	-9.372747
54	55	63	64	511.267497	-6.246126
54	55	64	65	511.267497	-4.187187
54	55	65	66	511.267497	-3.323578
54	55	66	67	511.267497	-2.337316
54	55	67	68	511.267497	-2.260492
54	55	68	69	511.267497	-1.575976
54	55	69	70	511.267497	-1.604182
54	55	70	71	511.267497	-1.249907
54	55	71	72	511.267497	-1.106296
55	56	57	58	519.347005	-1078.611738
55	56	58	59	519.347005	-267.629383
55	56	59	60	519.347005	-120.753423
55	56	60	61	519.347005	-52.752749
55	56	61	62	519.347005	-22.021674
55	56	62	63	519.347005	-13.608729
55	56	63	64	519.347005	-9.520468
55	56	64	65	519.347005	-6.126786
55	56	65	66	519.347005	-4.653101
55	56	66	67	519.347005	-3.667389
55	56	67	68	519.347005	-2.641786
55	56	68	69	519.347005	-2.665412
55	56	69	70	519.347005	-1.690948
55	56	70	71	519.347005	-1.605320
55	56	71	72	519.347005	-1.316963
56	57	58	59	561.758016	-1035.616948
56	57	59	60	561.758016	-308.396178
56	57	60	61	561.758016	-114.353220
56	57	61	62	561.758016	-39.179519
56	57	62	63	561.758016	-23.574986
56	57	63	64	561.758016	-14.164493
56	57	64	65	561.758016	-8.594693
56	57	65	66	561.758016	-6.655532
56	57	66	67	561.758016	-4.485282
56	57	67	68	561.758016	-3.880848
56	57	68	69	561.758016	-3.020480
56	57	69	70	561.758016	-2.559984
56	57	70	71	561.758016	-1.805468
56	57	71	72	561.758016	-1.921722
57	58	59	60	569.666789	-1067.153599
57	58	60	61	569.666789	-278.239736
57	58	61	62	569.666789	-78.199403
57	58	62	63	569.666789	-39.190882
57	58	63	64	569.666789	-20.946963
57	58	64	65	569.666789	-12.469950
57	58	65	66	569.666789	-8.490979
57	58	66	67	569.666789	-6.024701
57	58	67	68	569.666789	-4.533482
57	58	68	69	569.666789	-4.171953
57	58	69	70	569.666789	-2.725503
57	58	70	71	569.666789	-2.656157
57	58	71	72	569.666789	-1.735187
58	59	60	61	565.184448	-1049.455424
58	59	61	62	565.184448	-199.795131
58	59	62	63	565.184448	-76.523745
58	59	63	64	565.184448	-35.822667
58	59	64	65	565.184448	-17.808997
58	59	65	66	565.184448	-12.072191
58	59	66	67	565.184448	-7.949716
58	59	67	68	565.184448	-6.199942
58	59	68	69	565.184448	-4.921295
58	59	69	70	565.184448	-3.452031
58	59	70	71	565.184448	-3.060821
58	59	71	72	565.184448	-2.410354
59	60	61	62	557.770813	-993.191021
59	60	62	63	557.770813	-213.069092
59	60	63	64	557.770813	-75.653587
59	60	64	65	557.770813	-32.125356
59	60	65	66	557.770813	-19.302699
59	60	66	67	557.770813	-12.382958
59	60	67	68	557.770813	-8.838584
59	60	68	69	557.770813	-7.027795
59	60	69	70	557.770813	-4.998486
59	60	70	71	557.770813	-3.667346
59	60	71	72	557.770813	-3.342859
60	61	62	63	533.030294	-827.790693
60	61	63	64	533.030294	-184.326868
60	61	64	65	533.030294	-56.668081
60	61	65	66	533.030294	-29.338356
60	61	66	67	533.030294	-16.204306
60	61	67	68	533.030294	-11.212090
60	61	68	69	533.030294	-8.521041
60	61	69	70	533.030294	-5.632157
60	61	70	71	533.030294	-4.774470
60	61	71	72	533.030294	-3.319252
61	62	63	64	526.289876	-808.598518
61	62	64	65	526.289876	-138.522564
61	62	65	66	526.289876	-52.308334
61	62	66	67	526.289876	-25.111323
61	62	67	68	526.289876	-15.020962
61	62	68	69	526.289876	-10.562585
61	62	69	70	526.289876	-6.750968
61	62	70	71	526.289876	-5.057771
61	62	71	72	526.289876	-3.758073
62	63	64	65	577.479777	-681.522233
62	63	65	66	577.479777	-166.791258
62	63	66	67	577.479777	-63.083080
62	63	67	68	577.479777	-33.394540
62	63	68	69	577.479777	-21.673434
62	63	69	70	577.479777	-12.809597
62	63	70	71	577.479777	-9.309274
62	63	71	72	577.479777	-6.646928
63	64	65	66	572.749146	-578.081037
63	64	66	67	572.749146	-143.488979
63	64	67	68	572.749146	-62.068792
63	64	68	69	572.749146	-33.745201
63	64	69	70	572.749146	-18.643484
63	64	70	71	572.749146	-12.719480
63	64	71	72	572.749146	-8.120886
64	65	66	67	576.032491	-477.558421
64	65	67	68	576.032491	-131.735950
64	65	68	69	576.032491	-58.746101
64	65	69	70	576.032491	-27.018812
64	65	70	71	576.032491	-17.162883
64	65	71	72	576.032491	-11.382671
65	66	67	68	533.579834	-484.480941
65	66	68	69	533.579834	-127.922962
65	66	69	70	533.579834	-47.606131
65	66	70	71	533.579834	-25.775443
65	66	71	72	533.579834	-15.228053
66	67	68	69	331.728261	-295.313071
66	67	69	70	331.728261	-66.552985
66	67	70	71	331.728261	-29.025171
66	67	71	72	331.728261	-14.923947
67	68	69	70	166.031830	-136.160470
67	68	70	71	166.031830	-36.635923
67	68	71	72	166.031830	-14.922693
68	69	70	71	60.704056	-58.106548
68	69	71	72	60.704056	-14.599448
69	70	71	72	17.248566	-15.063305
