72# Number of electrodes
# x z position for each electrode
0.000000	0.000000
2.000000	0.000000
4.000000	0.000000
6.000000	0.000000
8.000000	0.000000
10.000000	0.000000
12.000000	0.000000
14.000000	0.000000
16.000000	0.000000
18.000000	0.000000
20.000000	0.000000
22.000000	0.000000
24.000000	0.000000
26.000000	0.000000
28.000000	0.000000
30.000000	0.000000
32.000000	0.000000
34.000000	0.000000
36.000000	0.000000
38.000000	0.000000
40.000000	0.000000
42.000000	0.000000
44.000000	0.000000
46.000000	0.000000
48.000000	0.000000
50.000000	0.000000
52.000000	0.000000
54.000000	0.000000
56.000000	0.000000
58.000000	0.000000
60.000000	0.000000
62.000000	0.000000
64.000000	0.000000
66.000000	0.000000
68.000000	0.000000
70.000000	0.000000
72.000000	0.000000
74.000000	0.000000
76.000000	0.000000
78.000000	0.000000
80.000000	0.000000
82.000000	0.000000
84.000000	0.000000
86.000000	0.000000
88.000000	0.000000
90.000000	0.000000
92.000000	0.000000
94.000000	0.000000
96.000000	0.000000
98.000000	0.000000
100.000000	0.000000
102.000000	0.000000
104.000000	0.000000
106.000000	0.000000
108.000000	0.000000
110.000000	0.000000
112.000000	0.000000
114.000000	0.000000
116.000000	0.000000
118.000000	0.000000
120.000000	0.000000
122.000000	0.000000
124.000000	0.000000
126.000000	0.000000
128.000000	0.000000
130.000000	0.000000
132.000000	0.000000
134.000000	0.000000
136.000000	0.000000
138.000000	0.000000
140.000000	0.000000
142.000000	0.000000
2875# Number of data
# a b m n i/mA u/mV
1	2	3	4	337.170431	-668.391970
1	2	4	5	337.170431	-144.123624
1	2	5	6	337.170431	-47.147947
1	2	6	7	337.170431	-22.037874
1	2	7	8	337.170431	-11.867717
1	2	8	9	337.170431	-7.265462
1	3	9	11	302.217875	-18.444330
1	3	11	13	302.217875	-9.123349
1	3	13	15	302.217875	-5.892842
1	3	15	10	302.217875	22.560540
1	3	10	12	302.217875	-12.613264
1	3	12	14	302.217875	-7.067822
1	3	14	16	302.217875	-5.049345
1	4	15	18	321.009816	-9.875100
1	4	18	21	321.009816	-6.264758
1	4	21	16	321.009816	12.398767
1	4	16	19	321.009816	-8.777920
1	4	19	22	321.009816	-4.995960
1	4	22	17	321.009816	10.255532
1	4	17	20	321.009816	-7.206741
1	4	20	23	321.009816	-4.287456
1	5	21	25	344.507009	-7.003404
1	5	25	29	344.507009	-3.996786
1	5	29	22	344.507009	8.868081
1	5	22	26	344.507009	-6.047865
1	5	26	30	344.507009	-3.582689
1	5	30	23	344.507009	7.714118
1	5	23	27	344.507009	-5.193581
1	5	27	24	344.507009	3.623299
1	5	24	28	344.507009	-4.548247
1	6	27	32	344.000987	-5.098432
1	6	32	37	344.000987	-3.233465
1	6	37	28	344.000987	7.116032
1	6	28	33	344.000987	-4.606272
1	6	33	29	344.000987	3.515068
1	6	29	34	344.000987	-4.193253
1	6	34	30	344.000987	3.193198
1	6	30	35	344.000987	-3.798738
1	6	35	31	344.000987	2.890903
1	6	31	36	344.000987	-3.509001
1	7	33	39	317.696269	-4.228316
1	7	39	34	317.696269	3.443860
1	7	34	40	317.696269	-4.024256
1	7	40	35	317.696269	3.323139
1	7	35	41	317.696269	-3.902631
1	7	41	36	317.696269	3.183101
1	7	36	42	317.696269	-3.746261
1	7	42	37	317.696269	3.039499
1	7	37	43	317.696269	-3.547711
1	7	38	44	316.032572	-3.390848
1	8	39	46	344.828756	-4.846201
1	8	46	40	344.828756	4.076093
1	8	40	47	344.828756	-4.504399
1	8	47	41	344.828756	3.745825
1	8	41	48	344.828756	-4.137853
1	8	48	42	344.828756	3.401993
1	8	42	49	344.828756	-3.822419
1	8	49	43	344.828756	3.159934
1	8	43	50	344.828756	-3.611007
1	8	44	51	340.467316	-3.297773
1	9	45	53	350.975169	-4.061586
1	9	53	46	350.975169	3.400813
1	9	46	54	350.975169	-3.774373
1	9	54	47	350.975169	3.241276
1	9	47	55	350.975169	-3.596983
1	9	55	48	350.975169	3.130914
1	9	48	56	350.975169	-3.424398
1	9	56	49	350.975169	2.922810
1	9	49	57	350.975169	-3.220318
1	9	50	58	345.956848	-2.996453
1	10	51	60	337.879974	-3.685429
1	10	60	52	337.879974	3.163031
1	10	52	61	337.879974	-3.531334
1	10	61	53	337.879974	3.091828
1	10	53	62	337.879974	-3.437922
1	10	62	54	337.879974	3.016300
1	10	54	63	337.879974	-3.336582
1	10	63	55	337.879974	2.950690
1	10	55	64	337.879974	-3.234443
1	10	56	65	332.967702	-3.135093
2	3	4	5	301.012344	-630.595706
2	3	5	6	301.012344	-127.195823
2	3	6	7	301.012344	-44.955921
2	3	7	8	301.012344	-19.743277
2	3	8	9	301.012344	-10.645757
2	3	9	10	301.012344	-6.562271
2	4	10	12	314.025004	-18.439865
2	4	12	14	314.025004	-9.378929
2	4	14	16	314.025004	-6.083887
2	4	16	11	314.025004	22.910541
2	4	11	13	314.025004	-12.677680
2	4	13	15	314.025004	-7.398770
2	4	15	17	314.025004	-5.229735
2	5	16	19	334.384298	-10.630042
2	5	19	22	334.384298	-6.056378
2	5	22	17	334.384298	12.626597
2	5	17	20	334.384298	-8.941038
2	5	20	23	334.384298	-5.168653
2	5	23	18	334.384298	10.711272
2	5	18	21	334.384298	-7.560894
2	5	21	24	334.384298	-4.367930
2	6	22	26	333.786275	-6.668944
2	6	26	30	333.786275	-3.802048
2	6	30	23	333.786275	8.356669
2	6	23	27	333.786275	-5.660640
2	6	27	31	333.786275	-3.434599
2	6	31	24	333.786275	7.368885
2	6	24	28	333.786275	-4.929449
2	6	28	25	333.786275	3.442573
2	6	25	29	333.786275	-4.329181
2	7	28	33	310.627614	-4.617528
2	7	33	38	310.627614	-3.014501
2	7	38	29	310.627614	6.525572
2	7	29	34	310.627614	-4.161340
2	7	34	30	310.627614	3.159705
2	7	30	35	310.627614	-3.755764
2	7	35	31	310.627614	2.852724
2	7	31	36	310.627614	-3.457214
2	7	36	32	310.627614	2.617343
2	7	32	37	310.627614	-3.214566
2	8	34	40	334.324463	-4.538014
2	8	40	35	334.324463	3.742630
2	8	35	41	334.324463	-4.380629
2	8	41	36	334.324463	3.576224
2	8	36	42	334.324463	-4.206620
2	8	42	37	334.324463	3.433347
2	8	37	43	334.324463	-3.999474
2	8	43	38	334.324463	3.243987
2	8	38	44	334.324463	-3.827798
2	8	39	45	335.290527	-3.701342
2	9	40	47	343.152598	-4.751998
2	9	47	41	343.152598	3.949214
2	9	41	48	343.152598	-4.348877
2	9	48	42	343.152598	3.575712
2	9	42	49	343.152598	-4.015298
2	9	49	43	343.152598	3.313490
2	9	43	50	343.152598	-3.778950
2	9	50	44	343.152598	3.060260
2	9	44	51	343.152598	-3.478425
2	9	45	52	339.321096	-3.181355
2	10	46	54	329.169749	-3.692751
2	10	54	47	329.169749	3.175334
2	10	47	55	329.169749	-3.514843
2	10	55	48	329.169749	3.051361
2	10	48	56	329.169749	-3.335659
2	10	56	49	329.169749	2.846685
2	10	49	57	329.169749	-3.131357
2	10	57	50	329.169749	2.616305
2	10	50	58	329.169749	-2.956026
2	10	51	59	330.863373	-2.914437
2	11	52	61	348.250783	-3.765534
2	11	61	53	348.250783	3.293516
2	11	53	62	348.250783	-3.648374
2	11	62	54	348.250783	3.196408
2	11	54	63	348.250783	-3.537453
2	11	63	55	348.250783	3.120641
2	11	55	64	348.250783	-3.421488
2	11	64	56	348.250783	3.077580
2	11	56	65	348.250783	-3.366226
2	11	57	66	349.359751	-3.348877
3	4	5	6	296.894099	-539.332758
3	4	6	7	296.894099	-118.239434
3	4	7	8	296.894099	-39.122732
3	4	8	9	296.894099	-17.350799
3	4	9	10	296.894099	-9.671517
3	4	10	11	296.894099	-6.029081
3	5	11	13	312.309489	-17.032800
3	5	13	15	312.309489	-9.488777
3	5	15	17	312.309489	-6.268589
3	5	17	12	312.309489	22.182690
3	5	12	14	312.309489	-12.221500
3	5	14	16	312.309489	-7.085460
3	5	16	18	312.309489	-5.146965
3	6	17	20	307.441477	-9.708376
3	6	20	23	307.441477	-5.355079
3	6	23	18	307.441477	11.375315
3	6	18	21	307.441477	-8.089971
3	6	21	24	307.441477	-4.523366
3	6	24	19	307.441477	9.197305
3	6	19	22	307.441477	-6.424257
3	6	22	25	307.441477	-3.857738
3	7	23	27	295.387441	-5.716957
3	7	27	31	295.387441	-3.297168
3	7	31	24	295.387441	7.269882
3	7	24	28	295.387441	-4.894935
3	7	28	32	295.387441	-3.040864
3	7	32	25	295.387441	6.448330
3	7	25	29	295.387441	-4.276363
3	7	29	26	295.387441	2.977753
3	7	26	30	295.387441	-3.770055
3	8	29	34	307.212046	-4.562643
3	8	34	39	307.212046	-2.977742
3	8	39	30	307.212046	6.460237
3	8	30	35	307.212046	-4.051007
3	8	35	31	307.212046	3.065092
3	8	31	36	307.212046	-3.694828
3	8	36	32	307.212046	2.785218
3	8	32	37	307.212046	-3.393374
3	8	37	33	307.212046	2.590095
3	8	33	38	307.212046	-3.189101
3	9	35	41	311.300120	-4.333277
3	9	41	36	311.300120	3.540614
3	9	36	42	311.300120	-4.127915
3	9	42	37	311.300120	3.370401
3	9	37	43	311.300120	-3.926924
3	9	43	38	311.300120	3.179156
3	9	38	44	311.300120	-3.748644
3	9	44	39	311.300120	3.036531
3	9	39	45	311.300120	-3.589667
3	9	40	46	312.710836	-3.466380
3	10	41	48	304.314392	-4.062174
3	10	48	42	304.314392	3.337052
3	10	42	49	304.314392	-3.719391
3	10	49	43	304.314392	3.069104
3	10	43	50	304.314392	-3.502165
3	10	50	44	304.314392	2.834718
3	10	44	51	304.314392	-3.220056
3	10	51	45	304.314392	2.573692
3	10	45	52	304.314392	-2.946862
3	10	46	53	305.702169	-2.771998
3	11	47	55	322.077362	-3.589879
3	11	55	48	322.077362	3.127295
3	11	48	56	322.077362	-3.384024
3	11	56	49	322.077362	2.884943
3	11	49	57	322.077362	-3.175039
3	11	57	50	322.077362	2.641402
3	11	50	58	322.077362	-2.982025
3	11	58	51	322.077362	2.506578
3	11	51	59	322.077362	-2.907273
3	11	52	60	323.014109	-2.855088
3	12	53	62	318.687724	-3.471468
3	12	62	54	318.687724	3.041942
3	12	54	63	318.687724	-3.332448
3	12	63	55	318.687724	2.937061
3	12	55	64	318.687724	-3.217455
3	12	64	56	318.687724	2.892096
3	12	56	65	318.687724	-3.163968
3	12	65	57	318.687724	2.836060
3	12	57	66	318.687724	-3.108075
3	12	58	67	315.256429	-2.998345
4	5	6	7	328.142878	-608.978368
4	5	7	8	328.142878	-122.740409
4	5	8	9	328.142878	-41.092733
4	5	9	10	328.142878	-18.966063
4	5	10	11	328.142878	-10.526315
4	5	11	12	328.142878	-6.531561
4	6	12	14	328.054718	-17.625778
4	6	14	16	328.054718	-9.993598
4	6	16	18	328.054718	-6.568840
4	6	18	13	328.054718	24.416393
4	6	13	15	328.054718	-13.246542
4	6	15	17	328.054718	-8.196152
4	6	17	19	328.054718	-5.491155
4	7	18	21	308.321208	-9.686980
4	7	21	24	308.321208	-5.302913
4	7	24	19	308.321208	10.982014
4	7	19	22	308.321208	-7.708287
4	7	22	25	308.321208	-4.519115
4	7	25	20	308.321208	9.127358
4	7	20	23	308.321208	-6.425356
4	7	23	26	308.321208	-3.779882
4	8	24	28	328.095164	-6.193737
4	8	28	32	328.095164	-3.679436
4	8	32	25	328.095164	7.982813
4	8	25	29	328.095164	-5.326975
4	8	29	33	328.095164	-3.379741
4	8	33	26	328.095164	7.073477
4	8	26	30	328.095164	-4.670321
4	8	30	27	328.095164	3.266092
4	8	27	31	328.095164	-4.139826
4	9	30	35	336.990885	-4.846395
4	9	35	40	336.990885	-3.404081
4	9	40	31	336.990885	7.076369
4	9	31	36	336.990885	-4.381090
4	9	36	32	336.990885	3.299546
4	9	32	37	336.990885	-4.030977
4	9	37	33	336.990885	3.072459
4	9	33	38	336.990885	-3.767335
4	9	38	34	336.990885	2.921355
4	9	34	39	336.990885	-3.586124
4	10	36	42	318.446818	-4.519819
4	10	42	37	318.446818	3.671037
4	10	37	43	318.446818	-4.257338
4	10	43	38	318.446818	3.439732
4	10	38	44	318.446818	-4.053156
4	10	44	39	318.446818	3.275991
4	10	39	45	318.446818	-3.870613
4	10	45	40	318.446818	3.165201
4	10	40	46	318.446818	-3.659647
4	10	41	47	315.114268	-3.299894
4	11	42	49	341.295807	-4.429649
4	11	49	43	341.295807	3.653893
4	11	43	50	341.295807	-4.140082
4	11	50	44	341.295807	3.347664
4	11	44	51	341.295807	-3.802954
4	11	51	45	341.295807	3.036798
4	11	45	52	341.295807	-3.484518
4	11	52	46	341.295807	2.845902
4	11	46	53	341.295807	-3.223563
4	11	47	54	338.060191	-3.040655
4	12	48	56	335.291382	-3.735378
4	12	56	49	335.291382	3.184611
4	12	49	57	335.291382	-3.486157
4	12	57	50	335.291382	2.899864
4	12	50	58	335.291382	-3.273492
4	12	58	51	335.291382	2.750642
4	12	51	59	335.291382	-3.191420
4	12	59	52	335.291382	2.677304
4	12	52	60	335.291382	-3.077663
4	12	53	61	336.689428	-2.951191
4	13	54	63	325.607890	-3.500505
4	13	63	55	325.607890	3.086618
4	13	55	64	325.607890	-3.356789
4	13	64	56	325.607890	3.015623
4	13	56	65	325.607890	-3.295841
4	13	65	57	325.607890	2.952292
4	13	57	66	325.607890	-3.234129
4	13	66	58	325.607890	2.830774
4	13	58	67	325.607890	-3.092576
4	13	59	68	334.118815	-3.128308
5	6	7	8	344.196559	-552.192960
5	6	8	9	344.196559	-114.009994
5	6	9	10	344.196559	-40.187536
5	6	10	11	344.196559	-18.826845
5	6	11	12	344.196559	-10.248250
5	6	12	13	344.196559	-5.934538
5	7	13	15	324.515462	-18.241821
5	7	15	17	324.515462	-10.481702
5	7	17	19	324.515462	-6.791576
5	7	19	14	324.515462	24.627672
5	7	14	16	324.515462	-13.169720
5	7	16	18	324.515462	-8.323851
5	7	18	20	324.515462	-5.487684
5	8	19	22	343.364187	-10.283029
5	8	22	25	343.364187	-5.723029
5	8	25	20	343.364187	11.833220
5	8	20	23	343.364187	-8.401459
5	8	23	26	343.364187	-4.791902
5	8	26	21	343.364187	9.812311
5	8	21	24	343.364187	-6.888855
5	8	24	27	343.364187	-4.093798
5	9	25	29	353.121969	-6.445816
5	9	29	33	353.121969	-3.932048
5	9	33	26	353.121969	8.392167
5	9	26	30	353.121969	-5.577162
5	9	30	34	353.121969	-3.554343
5	9	34	27	353.121969	7.425985
5	9	27	31	353.121969	-4.909637
5	9	31	28	353.121969	3.462009
5	9	28	32	353.121969	-4.406026
5	10	31	36	337.687856	-4.754989
5	10	36	41	337.687856	-3.488902
5	10	41	32	337.687856	7.058048
5	10	32	37	337.687856	-4.322116
5	10	37	33	337.687856	3.292041
5	10	33	38	337.687856	-4.040260
5	10	38	34	337.687856	3.125220
5	10	34	39	337.687856	-3.836270
5	10	39	35	337.687856	3.035785
5	10	35	40	337.687856	-3.678502
5	11	37	43	360.683818	-5.171942
5	11	43	38	360.683818	4.178481
5	11	38	44	360.683818	-4.900792
5	11	44	39	360.683818	3.956773
5	11	39	45	360.683818	-4.669176
5	11	45	40	360.683818	3.813869
5	11	40	46	360.683818	-4.409280
5	11	46	41	360.683818	3.570707
5	11	41	47	360.683818	-4.047805
5	11	42	48	359.162069	-3.613987
5	12	43	50	355.605540	-4.484888
5	12	50	44	355.605540	3.623021
5	12	44	51	355.605540	-4.089362
5	12	51	45	355.605540	3.259151
5	12	45	52	355.605540	-3.734807
5	12	52	46	355.605540	3.044263
5	12	46	53	355.605540	-3.444128
5	12	53	47	355.605540	2.891498
5	12	47	54	355.605540	-3.272761
5	12	48	55	354.797750	-3.151070
5	13	49	57	347.142014	-3.638467
5	13	57	50	347.142014	3.020644
5	13	50	58	347.142014	-3.392437
5	13	58	51	347.142014	2.844966
5	13	51	59	347.142014	-3.290895
5	13	59	52	347.142014	2.753707
5	13	52	60	347.142014	-3.160749
5	13	60	53	347.142014	2.709426
5	13	53	61	347.142014	-3.068432
5	13	54	62	351.925980	-3.062517
5	14	55	64	339.150248	-3.648635
5	14	64	56	339.150248	3.275611
5	14	56	65	339.150248	-3.564618
5	14	65	57	339.150248	3.190735
5	14	57	66	339.150248	-3.492511
5	14	66	58	339.150248	3.053827
5	14	58	67	339.150248	-3.334767
5	14	67	59	339.150248	2.822586
5	14	59	68	339.150248	-3.104322
5	14	60	69	343.784332	-3.014803
6	7	8	9	324.423721	-500.883633
6	7	9	10	324.423721	-107.323820
6	7	10	11	324.423721	-38.025116
6	7	11	12	324.423721	-17.470101
6	7	12	13	324.423721	-8.839869
6	7	13	14	324.423721	-6.630151
6	8	14	16	343.759064	-19.103941
6	8	16	18	343.759064	-11.589430
6	8	18	20	343.759064	-7.168995
6	8	20	15	343.759064	27.057963
6	8	15	17	343.759064	-14.820636
6	8	17	19	343.759064	-9.162842
6	8	19	21	343.759064	-5.546457
6	9	20	23	352.170054	-10.276134
6	9	23	26	352.170054	-5.596638
6	9	26	21	352.170054	11.695281
6	9	21	24	352.170054	-8.279662
6	9	24	27	352.170054	-4.767446
6	9	27	22	352.170054	9.767501
6	9	22	25	352.170054	-6.835204
6	9	25	28	352.170054	-4.075787
6	10	26	30	337.074107	-5.976801
6	10	30	34	337.074107	-3.675377
6	10	34	27	337.074107	7.812915
6	10	27	31	337.074107	-5.204646
6	10	31	35	337.074107	-3.265920
6	10	35	28	337.074107	6.920457
6	10	28	32	337.074107	-4.640229
6	10	32	29	337.074107	3.287869
6	10	29	33	337.074107	-4.141741
6	11	32	37	359.483744	-5.018817
6	11	37	42	359.483744	-3.755902
6	11	42	33	359.483744	7.564203
6	11	33	38	359.483744	-4.635254
6	11	38	34	359.483744	3.584415
6	11	34	39	359.483744	-4.387301
6	11	39	35	359.483744	3.468827
6	11	35	40	359.483744	-4.196113
6	11	40	36	359.483744	3.270387
6	11	36	41	359.483744	-3.985724
6	12	38	44	355.915354	-5.118383
6	12	44	39	355.915354	4.127854
6	12	39	45	355.915354	-4.844386
6	12	45	40	355.915354	3.950122
6	12	40	46	355.915354	-4.559946
6	12	46	41	355.915354	3.685771
6	12	41	47	355.915354	-4.173983
6	12	47	42	355.915354	3.337865
6	12	42	48	355.915354	-3.756214
6	12	43	49	352.975708	-3.446376
6	13	44	51	346.879944	-4.199688
6	13	51	45	346.879944	3.346074
6	13	45	52	346.879944	-3.814355
6	13	52	46	346.879944	3.106398
6	13	46	53	346.879944	-3.512149
6	13	53	47	346.879944	2.947142
6	13	47	54	346.879944	-3.333811
6	13	54	48	346.879944	2.846821
6	13	48	55	346.879944	-3.201122
6	13	49	56	346.805532	-2.978148
6	14	50	58	340.430247	-3.583939
6	14	58	51	340.430247	3.004537
6	14	51	59	340.430247	-3.469378
6	14	59	52	340.430247	2.902056
6	14	52	60	340.430247	-3.325270
6	14	60	53	340.430247	2.848498
6	14	53	61	340.430247	-3.230431
6	14	61	54	340.430247	2.777674
6	14	54	62	340.430247	-3.136830
6	14	55	63	332.874715	-3.000186
6	15	56	65	362.351461	-4.068663
6	15	65	57	362.351461	3.641519
6	15	57	66	362.351461	-3.956511
6	15	66	58	362.351461	3.463986
6	15	58	67	362.351461	-3.781384
6	15	67	59	362.351461	3.196210
6	15	59	68	362.351461	-3.516417
6	15	68	60	362.351461	2.990809
6	15	60	69	362.351461	-3.305806
6	15	61	70	356.964813	-3.073335
7	8	9	10	324.623072	-483.257148
7	8	10	11	324.623072	-103.777941
7	8	11	12	324.623072	-35.504258
7	8	12	13	324.623072	-15.188217
7	8	13	14	324.623072	-9.690328
7	8	14	15	324.623072	-5.942896
7	9	15	17	331.934306	-19.212438
7	9	17	19	331.934306	-11.130157
7	9	19	21	331.934306	-6.457287
7	9	21	16	331.934306	25.869015
7	9	16	18	331.934306	-14.308228
7	9	18	20	331.934306	-8.718632
7	9	20	22	331.934306	-5.069456
7	10	21	24	314.526021	-8.754522
7	10	24	27	314.526021	-4.791490
7	10	27	22	314.526021	10.039378
7	10	22	25	314.526021	-7.087936
7	10	25	28	314.526021	-4.090647
7	10	28	23	314.526021	8.259654
7	10	23	26	314.526021	-5.768639
7	10	26	29	314.526021	-3.472453
7	11	27	31	336.327667	-5.827688
7	11	31	35	336.327667	-3.467603
7	11	35	28	336.327667	7.549213
7	11	28	32	336.327667	-5.083731
7	11	32	36	336.327667	-3.173108
7	11	36	29	336.327667	6.756153
7	11	29	33	336.327667	-4.527473
7	11	33	30	336.327667	3.190005
7	11	30	34	336.327667	-3.999564
7	12	33	38	333.474620	-4.645235
7	12	38	43	333.474620	-3.443577
7	12	43	34	333.474620	7.027316
7	12	34	39	333.474620	-4.351461
7	12	39	35	333.474620	3.434113
7	12	35	40	333.474620	-4.147001
7	12	40	36	333.474620	3.232449
7	12	36	41	333.474620	-3.928225
7	12	41	37	333.474620	3.045077
7	12	37	42	333.474620	-3.712096
7	13	39	45	328.134684	-4.720113
7	13	45	40	328.134684	3.847451
7	13	40	46	328.134684	-4.401293
7	13	46	41	328.134684	3.553674
7	13	41	47	328.134684	-4.018565
7	13	47	42	328.134684	3.209006
7	13	42	48	328.134684	-3.609326
7	13	48	43	328.134684	2.889223
7	13	43	49	328.134684	-3.318067
7	13	44	50	329.850891	-3.071782
7	14	45	52	313.055735	-3.707778
7	14	52	46	313.055735	3.020510
7	14	46	53	313.055735	-3.387989
7	14	53	47	313.055735	2.838791
7	14	47	54	313.055735	-3.210264
7	14	54	48	313.055735	2.741183
7	14	48	55	313.055735	-3.078769
7	14	55	49	313.055735	2.572664
7	14	49	56	313.055735	-2.852190
7	14	50	57	314.190155	-2.621193
7	15	51	59	341.701904	-3.708420
7	15	59	52	341.701904	3.105569
7	15	52	60	341.701904	-3.513559
7	15	60	53	341.701904	3.008672
7	15	53	61	341.701904	-3.398629
7	15	61	54	341.701904	2.917954
7	15	54	62	341.701904	-3.300690
7	15	62	55	341.701904	2.862728
7	15	55	63	341.701904	-3.205349
7	15	56	64	337.051524	-3.133490
7	16	57	66	320.067800	-3.706351
7	16	66	58	320.067800	3.244414
7	16	58	67	320.067800	-3.515302
7	16	67	59	320.067800	2.971258
7	16	59	68	320.067800	-3.266200
7	16	68	60	320.067800	2.772065
7	16	60	69	320.067800	-3.066521
7	16	69	61	320.067800	2.635662
7	16	61	70	320.067800	-2.869540
7	16	62	71	325.357666	-2.723460
8	9	10	11	353.876266	-508.301425
8	9	11	12	353.876266	-104.972066
8	9	12	13	353.876266	-32.916188
8	9	13	14	353.876266	-17.496065
8	9	14	15	353.876266	-9.646942
8	9	15	16	353.876266	-6.853598
8	10	16	18	338.420186	-19.971010
8	10	18	20	338.420186	-11.374126
8	10	20	22	338.420186	-6.287326
8	10	22	17	338.420186	26.162505
8	10	17	19	338.420186	-15.216050
8	10	19	21	338.420186	-8.225360
8	10	21	23	338.420186	-4.992427
8	11	22	25	359.601562	-9.670981
8	11	25	28	359.601562	-5.294540
8	11	28	23	359.601562	10.926086
8	11	23	26	359.601562	-7.689814
8	11	26	29	359.601562	-4.502241
8	11	29	24	359.601562	9.100931
8	11	24	27	359.601562	-6.352278
8	11	27	30	359.601562	-3.874336
8	12	28	32	353.396739	-6.020685
8	12	32	36	353.396739	-3.582304
8	12	36	29	353.396739	7.817783
8	12	29	33	353.396739	-5.273469
8	12	33	37	353.396739	-3.337170
8	12	37	30	353.396739	7.029266
8	12	30	34	353.396739	-4.620175
8	12	34	31	353.396739	3.254381
8	12	31	35	353.396739	-4.061017
8	13	34	39	347.341014	-4.908173
8	13	39	44	347.341014	-3.586215
8	13	44	35	347.341014	7.460616
8	13	35	40	347.341014	-4.650029
8	13	40	36	347.341014	3.613345
8	13	36	41	347.341014	-4.381581
8	13	41	37	347.341014	3.369023
8	13	37	42	347.341014	-4.101354
8	13	42	38	347.341014	3.166992
8	13	38	43	347.341014	-3.817727
8	14	40	46	333.858775	-4.916683
8	14	46	41	333.858775	3.964055
8	14	41	47	333.858775	-4.461523
8	14	47	42	333.858775	3.556601
8	14	42	48	333.858775	-3.996404
8	14	48	43	333.858775	3.193469
8	14	43	49	333.858775	-3.664064
8	14	49	44	333.858775	2.850155
8	14	44	50	333.858775	-3.348730
8	14	45	51	334.072744	-3.025490
8	15	46	53	360.303691	-4.179935
8	15	53	47	360.303691	3.501025
8	15	47	54	360.303691	-3.933176
8	15	54	48	360.303691	3.353327
8	15	48	55	360.303691	-3.764474
8	15	55	49	360.303691	3.143111
8	15	49	56	360.303691	-3.482135
8	15	56	50	360.303691	2.824683
8	15	50	57	360.303691	-3.162806
8	15	51	58	357.307454	-2.965126
8	16	52	60	341.674113	-3.753388
8	16	60	53	341.674113	3.211406
8	16	53	61	341.674113	-3.614107
8	16	61	54	341.674113	3.100760
8	16	54	62	341.674113	-3.502008
8	16	62	55	341.674113	3.034914
8	16	55	63	341.674113	-3.397452
8	16	63	56	341.674113	3.015375
8	16	56	64	341.674113	-3.332986
8	16	57	65	342.566101	-3.272696
8	17	58	67	362.606262	-4.247602
8	17	67	59	362.606262	3.588647
8	17	59	68	362.606262	-3.920079
8	17	68	60	362.606262	3.327007
8	17	60	69	362.606262	-3.673056
8	17	69	61	362.606262	3.151558
8	17	61	70	362.606262	-3.439863
8	17	70	62	362.606262	2.939773
8	17	62	71	362.606262	-3.185211
8	17	63	72	358.799744	-2.948695
9	10	11	12	345.979548	-471.565336
9	10	12	13	345.979548	-86.829624
9	10	13	14	345.979548	-33.500477
9	10	14	15	345.979548	-15.679723
9	10	15	16	345.979548	-10.130876
9	10	16	17	345.979548	-7.069959
9	11	17	19	362.360199	-22.333262
9	11	19	21	362.360199	-11.414665
9	11	21	23	362.360199	-6.605711
9	11	23	18	362.360199	28.074759
9	11	18	20	362.360199	-16.593460
9	11	20	22	362.360199	-8.511316
9	11	22	24	362.360199	-5.224244
9	12	23	26	363.329885	-9.382856
9	12	26	29	363.329885	-5.226599
9	12	29	24	363.329885	10.794124
9	12	24	27	363.329885	-7.599922
9	12	27	30	363.329885	-4.486041
9	12	30	25	363.329885	9.046936
9	12	25	28	363.329885	-6.292604
9	12	28	31	363.329885	-3.861830
9	13	29	33	356.012624	-5.944124
9	13	33	37	356.012624	-3.631146
9	13	37	30	356.012624	7.778403
9	13	30	34	356.012624	-5.147227
9	13	34	38	356.012624	-3.422401
9	13	38	31	356.012624	7.033318
9	13	31	35	356.012624	-4.493659
9	13	35	32	356.012624	3.104477
9	13	32	36	356.012624	-3.986458
9	14	35	40	342.168620	-5.177892
9	14	40	45	342.168620	-3.744102
9	14	45	36	342.168620	7.757052
9	14	36	41	342.168620	-4.845158
9	14	41	37	342.168620	3.716611
9	14	37	42	342.168620	-4.514496
9	14	42	38	342.168620	3.478997
9	14	38	43	342.168620	-4.188947
9	14	43	39	342.168620	3.217365
9	14	39	44	342.168620	-3.933738
9	15	41	47	367.012370	-5.360018
9	15	47	42	367.012370	4.269113
9	15	42	48	367.012370	-4.776820
9	15	48	43	367.012370	3.811362
9	15	43	49	367.012370	-4.367675
9	15	49	44	367.012370	3.392725
9	15	44	50	367.012370	-3.981444
9	15	50	45	367.012370	3.048113
9	15	45	51	367.012370	-3.569419
9	15	46	52	368.325684	-3.340816
9	16	47	54	352.375153	-4.183011
9	16	54	48	352.375153	3.562364
9	16	48	55	352.375153	-3.984512
9	16	55	49	352.375153	3.323851
9	16	49	56	352.375153	-3.677697
9	16	56	50	352.375153	2.980127
9	16	50	57	352.375153	-3.334197
9	16	57	51	352.375153	2.718928
9	16	51	58	352.375153	-3.132067
9	16	52	59	349.342428	-3.006037
9	17	53	61	367.035217	-4.189972
9	17	61	54	367.035217	3.593404
9	17	54	62	367.035217	-4.042271
9	17	62	55	367.035217	3.500618
9	17	55	63	367.035217	-3.915560
9	17	63	56	367.035217	3.473582
9	17	56	64	367.035217	-3.838889
9	17	64	57	367.035217	3.395958
9	17	57	65	367.035217	-3.742912
9	17	58	66	368.384237	-3.604238
9	18	59	68	369.355499	-4.271323
9	18	68	60	369.355499	3.624709
9	18	60	69	369.355499	-3.982963
9	18	69	61	369.355499	3.407188
9	18	61	70	369.355499	-3.717063
9	18	70	62	369.355499	3.181094
9	18	62	71	369.355499	-3.446798
9	18	71	63	369.355499	2.954516
9	18	63	72	369.355499	-3.193554
10	11	12	13	352.029175	-424.745503
10	11	13	14	352.029175	-89.365955
10	11	14	15	352.029175	-30.688615
10	11	15	16	352.029175	-17.002962
10	11	16	17	352.029175	-10.956225
10	11	17	18	352.029175	-7.162248
10	12	18	20	346.286204	-22.225007
10	12	20	22	346.286204	-10.661103
10	12	22	24	346.286204	-6.223940
10	12	24	19	346.286204	25.588730
10	12	19	21	346.286204	-14.873167
10	12	21	23	346.286204	-8.063347
10	12	23	25	346.286204	-4.764756
10	13	24	27	340.612722	-8.512845
10	13	27	30	340.612722	-4.737909
10	13	30	25	340.612722	9.818602
10	13	25	28	340.612722	-6.890683
10	13	28	31	340.612722	-4.092475
10	13	31	26	340.612722	8.217640
10	13	26	29	340.612722	-5.691800
10	13	29	32	340.612722	-3.573302
10	14	30	34	328.857412	-5.648981
10	14	34	38	328.857412	-3.601270
10	14	38	31	328.857412	7.557174
10	14	31	35	328.857412	-4.870070
10	14	35	39	328.857412	-3.467066
10	14	39	32	328.857412	6.819025
10	14	32	36	328.857412	-4.295826
10	14	36	33	328.857412	2.995547
10	14	33	37	328.857412	-3.904111
10	15	36	41	349.600037	-5.537529
10	15	41	46	349.600037	-3.879248
10	15	46	37	349.600037	8.139434
10	15	37	42	349.600037	-5.132119
10	15	42	38	349.600037	3.946602
10	15	38	43	349.600037	-4.744246
10	15	43	39	349.600037	3.637525
10	15	39	44	349.600037	-4.442538
10	15	44	40	349.600037	3.456210
10	15	40	45	349.600037	-4.225766
10	16	42	48	337.904256	-4.905597
10	16	48	43	337.904256	3.910877
10	16	43	49	337.904256	-4.452204
10	16	49	44	337.904256	3.452301
10	16	44	50	337.904256	-4.047728
10	16	50	45	337.904256	3.091920
10	16	45	51	337.904256	-3.617410
10	16	51	46	337.904256	2.830637
10	16	46	52	337.904256	-3.343873
10	16	47	53	339.303101	-3.185614
10	17	48	55	350.102132	-4.368122
10	17	55	49	350.102132	3.640352
10	17	49	56	350.102132	-3.998600
10	17	56	50	350.102132	3.235593
10	17	50	57	350.102132	-3.616605
10	17	57	51	350.102132	2.944149
10	17	51	58	350.102132	-3.389605
10	17	58	52	350.102132	2.735092
10	17	52	59	350.102132	-3.255408
10	17	53	60	350.611593	-3.203093
10	18	54	62	356.162313	-4.248896
10	18	62	55	356.162313	3.682448
10	18	55	63	356.162313	-4.089812
10	18	63	56	356.162313	3.626486
10	18	56	64	356.162313	-4.003137
10	18	64	57	356.162313	3.539228
10	18	57	65	356.162313	-3.897442
10	18	65	58	356.162313	3.355531
10	18	58	66	356.162313	-3.717675
10	18	59	67	349.664185	-3.379234
10	19	60	69	366.955505	-4.308052
10	19	69	61	366.955505	3.691964
10	19	61	70	366.955505	-3.998233
10	19	70	62	366.955505	3.415360
10	19	62	71	366.955505	-3.699081
10	19	71	63	366.955505	3.170754
10	19	63	72	366.955505	-3.426820
11	12	13	14	372.145439	-479.775061
11	12	14	15	372.145439	-84.293110
11	12	15	16	372.145439	-35.021096
11	12	16	17	372.145439	-19.601088
11	12	17	18	372.145439	-11.947653
11	12	18	19	372.145439	-8.694060
11	13	19	21	362.805155	-21.728561
11	13	21	23	362.805155	-10.887322
11	13	23	25	362.805155	-6.105297
11	13	25	20	362.805155	25.832361
11	13	20	22	362.805155	-14.976919
11	13	22	24	362.805155	-8.194049
11	13	24	26	362.805155	-4.796867
11	14	25	28	346.019694	-8.988120
11	14	28	31	346.019694	-5.102863
11	14	31	26	346.019694	10.432844
11	14	26	29	346.019694	-7.295381
11	14	29	32	346.019694	-4.417416
11	14	32	27	346.019694	8.766297
11	14	27	30	346.019694	-6.045657
11	14	30	33	346.019694	-3.807938
11	15	31	35	375.346812	-6.489547
11	15	35	39	375.346812	-4.412399
11	15	39	32	375.346812	8.868580
11	15	32	36	375.346812	-5.649611
11	15	36	40	375.346812	-4.109365
11	15	40	33	375.346812	8.040580
11	15	33	37	375.346812	-5.076003
11	15	37	34	375.346812	3.610407
11	15	34	38	375.346812	-4.683584
11	16	37	42	359.108287	-6.004334
11	16	42	47	359.108287	-4.025037
11	16	47	38	359.108287	8.632186
11	16	38	43	359.108287	-5.521784
11	16	43	39	359.108287	4.225002
11	16	39	44	359.108287	-5.151357
11	16	44	40	359.108287	4.000205
11	16	40	45	359.108287	-4.884639
11	16	45	41	359.108287	3.776856
11	16	41	46	359.108287	-4.502465
11	17	43	49	376.211955	-5.551642
11	17	49	44	376.211955	4.296910
11	17	44	50	376.211955	-5.016034
11	17	50	45	376.211955	3.823801
11	17	45	51	376.211955	-4.467490
11	17	51	46	376.211955	3.490898
11	17	46	52	376.211955	-4.118381
11	17	52	47	376.211955	3.350988
11	17	47	53	376.211955	-3.872436
11	17	48	54	376.974080	-3.732078
11	18	49	56	372.800822	-4.661538
11	18	56	50	372.800822	3.767836
11	18	50	57	372.800822	-4.196393
11	18	57	51	372.800822	3.412094
11	18	51	58	372.800822	-3.925145
11	18	58	52	372.800822	3.161240
11	18	52	59	372.800822	-3.760470
11	18	59	53	372.800822	3.126232
11	18	53	60	372.800822	-3.667281
11	18	54	61	374.058197	-3.567863
11	19	55	63	390.032522	-4.914449
11	19	63	56	390.032522	4.358181
11	19	56	64	390.032522	-4.786862
11	19	64	57	390.032522	4.231719
11	19	57	65	390.032522	-4.659279
11	19	65	58	390.032522	4.007071
11	19	58	66	390.032522	-4.434464
11	19	66	59	390.032522	3.677849
11	19	59	67	390.032522	-4.072473
11	19	60	68	385.116292	-3.750799
11	20	61	70	372.659037	-4.337982
11	20	70	62	372.659037	3.707999
11	20	62	71	372.659037	-4.004271
11	20	71	63	372.659037	3.427123
11	20	63	72	372.659037	-3.697817
12	13	14	15	356.647715	-351.602105
12	13	15	16	356.647715	-78.500356
12	13	16	17	356.647715	-34.444362
12	13	17	18	356.647715	-18.512924
12	13	18	19	356.647715	-12.511099
12	13	19	20	356.647715	-7.430953
12	14	20	22	347.973063	-22.316426
12	14	22	24	347.973063	-11.229411
12	14	24	26	347.973063	-6.227442
12	14	26	21	347.973063	26.382124
12	14	21	23	347.973063	-15.513473
12	14	23	25	347.973063	-8.129238
12	14	25	27	347.973063	-4.927593
12	15	26	29	369.908000	-9.721281
12	15	29	32	369.908000	-5.627220
12	15	32	27	369.908000	11.380267
12	15	27	30	369.908000	-7.901035
12	15	30	33	369.908000	-4.846492
12	15	33	28	369.908000	9.604153
12	15	28	31	369.908000	-6.618801
12	15	31	34	369.908000	-4.151091
12	16	32	36	351.884043	-6.296566
12	16	36	40	351.884043	-4.432298
12	16	40	33	351.884043	8.802796
12	16	33	37	351.884043	-5.600924
12	16	37	41	351.884043	-4.118744
12	16	41	34	351.884043	8.083236
12	16	34	38	351.884043	-5.129602
12	16	38	35	351.884043	3.756847
12	16	35	39	351.884043	-4.834054
12	17	38	43	370.100759	-6.533664
12	17	43	48	370.100759	-4.162134
12	17	48	39	370.100759	9.150982
12	17	39	44	370.100759	-6.057251
12	17	44	40	370.100759	4.691515
12	17	40	45	370.100759	-5.722731
12	17	45	41	370.100759	4.416171
12	17	41	46	370.100759	-5.258518
12	17	46	42	370.100759	4.033506
12	17	42	47	370.100759	-4.694154
12	18	44	50	373.289561	-5.563528
12	18	50	45	373.289561	4.235440
12	18	45	51	373.289561	-4.922468
12	18	51	46	373.289561	3.838522
12	18	46	52	373.289561	-4.525583
12	18	52	47	373.289561	3.677152
12	18	47	53	373.289561	-4.246249
12	18	53	48	373.289561	3.525576
12	18	48	54	373.289561	-4.059124
12	18	49	55	368.123027	-3.743051
12	19	50	57	381.936544	-4.790891
12	19	57	51	381.936544	3.892855
12	19	51	58	381.936544	-4.455926
12	19	58	52	381.936544	3.583058
12	19	52	59	381.936544	-4.255844
12	19	59	53	381.936544	3.532341
12	19	53	60	381.936544	-4.143381
12	19	60	54	381.936544	3.465443
12	19	54	61	381.936544	-4.001449
12	19	55	62	382.945201	-3.939027
12	20	56	64	366.073639	-4.866336
12	20	64	57	366.073639	4.299679
12	20	57	65	366.073639	-4.711718
12	20	65	58	366.073639	4.049354
12	20	58	66	366.073639	-4.479565
12	20	66	59	366.073639	3.708854
12	20	59	67	366.073639	-4.106097
12	20	67	60	366.073639	3.409647
12	20	60	68	366.073639	-3.807351
12	20	61	69	367.778564	-3.620714
12	21	62	71	365.465881	-4.224445
12	21	71	63	365.465881	3.613798
12	21	63	72	365.465881	-3.893784
13	14	15	16	336.446701	-382.894110
13	14	16	17	336.446701	-92.913229
13	14	17	18	336.446701	-39.616215
13	14	18	19	336.446701	-23.906602
13	14	19	20	336.446701	-13.106282
13	14	20	21	336.446701	-8.234798
13	15	21	23	365.517314	-24.127602
13	15	23	25	365.517314	-11.716876
13	15	25	27	365.517314	-6.797214
13	15	27	22	365.517314	28.529774
13	15	22	24	365.517314	-16.761551
13	15	24	26	365.517314	-8.788851
13	15	26	28	365.517314	-5.327464
13	16	27	30	345.219218	-9.491495
13	16	30	33	345.219218	-5.564481
13	16	33	28	345.219218	11.244272
13	16	28	31	345.219218	-7.817247
13	16	31	34	345.219218	-4.751989
13	16	34	29	345.219218	9.484447
13	16	29	32	345.219218	-6.601826
13	16	32	35	345.219218	-3.984740
13	17	33	37	360.780660	-6.931458
13	17	37	41	360.780660	-4.924719
13	17	41	34	360.780660	9.829973
13	17	34	38	360.780660	-6.290580
13	17	38	42	360.780660	-4.563384
13	17	42	35	360.780660	9.146163
13	17	35	39	360.780660	-5.879418
13	17	39	36	360.780660	4.235148
13	17	36	40	360.780660	-5.377844
13	18	39	44	363.002920	-6.836075
13	18	44	49	363.002920	-4.066787
13	18	49	40	363.002920	9.355881
13	18	40	45	363.002920	-6.413264
13	18	45	41	363.002920	4.937419
13	18	41	46	363.002920	-5.873067
13	18	46	42	363.002920	4.497680
13	18	42	47	363.002920	-5.228817
13	18	47	43	363.002920	4.020368
13	18	43	48	363.002920	-4.637258
13	19	45	51	371.174723	-5.600761
13	19	51	46	371.174723	4.363778
13	19	46	52	371.174723	-5.106432
13	19	52	47	371.174723	4.142001
13	19	47	53	371.174723	-4.777193
13	19	53	48	371.174723	3.962264
13	19	48	54	371.174723	-4.555398
13	19	54	49	371.174723	3.691296
13	19	49	55	371.174723	-4.229057
13	19	50	56	372.192902	-3.783229
13	20	51	58	360.382843	-4.639777
13	20	58	52	360.382843	3.728985
13	20	52	59	360.382843	-4.409968
13	20	59	53	360.382843	3.658680
13	20	53	60	360.382843	-4.280030
13	20	60	54	360.382843	3.575857
13	20	54	61	360.382843	-4.134626
13	20	61	55	360.382843	3.500153
13	20	55	62	360.382843	-4.014068
13	20	56	63	359.792542	-3.971225
13	21	57	65	350.962341	-4.940825
13	21	65	58	350.962341	4.247633
13	21	58	66	350.962341	-4.667974
13	21	66	59	350.962341	3.861788
13	21	59	67	350.962341	-4.272094
13	21	67	60	350.962341	3.547814
13	21	60	68	350.962341	-3.959412
13	21	68	61	350.962341	3.322523
13	21	61	69	350.962341	-3.726467
13	21	62	70	351.739115	-3.482184
13	22	63	72	340.460002	-3.896313
14	15	16	17	349.690430	-367.243168
14	15	17	18	349.690430	-90.192618
14	15	18	19	349.690430	-45.272956
14	15	19	20	349.690430	-22.131660
14	15	20	21	349.690430	-12.762545
14	15	21	22	349.690430	-7.869977
14	16	22	24	335.104156	-22.170165
14	16	24	26	335.104156	-10.720227
14	16	26	28	335.104156	-6.218561
14	16	28	23	335.104156	25.693444
14	16	23	25	335.104156	-14.870179
14	16	25	27	335.104156	-8.104951
14	16	27	29	335.104156	-4.889606
14	17	28	31	350.925222	-9.931898
14	17	31	34	350.925222	-5.722364
14	17	34	29	350.925222	11.701398
14	17	29	32	350.925222	-8.215003
14	17	32	35	350.925222	-4.818829
14	17	35	30	350.925222	9.789261
14	17	30	33	350.925222	-6.874306
14	17	33	36	350.925222	-4.191454
14	18	34	38	349.357931	-7.072583
14	18	38	42	349.357931	-4.976111
14	18	42	35	349.357931	10.112978
14	18	35	39	349.357931	-6.543078
14	18	39	43	349.357931	-4.544967
14	18	43	36	349.357931	9.243347
14	18	36	40	349.357931	-5.954283
14	18	40	37	349.357931	4.253854
14	18	37	41	349.357931	-5.446344
14	19	40	45	361.950419	-7.372163
14	19	45	50	361.950419	-4.027819
14	19	50	41	361.950419	9.698922
14	19	41	46	361.950419	-6.685404
14	19	46	42	361.950419	5.104559
14	19	42	47	361.950419	-5.925554
14	19	47	43	361.950419	4.547538
14	19	43	48	361.950419	-5.238380
14	19	48	44	361.950419	3.867887
14	19	44	49	361.950419	-4.598383
14	20	46	52	346.113190	-5.254487
14	20	52	47	346.113190	4.255935
14	20	47	53	346.113190	-4.874033
14	20	53	48	346.113190	4.039292
14	20	48	54	346.113190	-4.641993
14	20	54	49	346.113190	3.751572
14	20	49	55	346.113190	-4.294184
14	20	55	50	346.113190	3.373272
14	20	50	56	346.113190	-3.808834
14	20	51	57	347.456899	-3.467517
14	21	52	59	339.101929	-4.526940
14	21	59	53	339.101929	3.753362
14	21	53	60	339.101929	-4.353351
14	21	60	54	339.101929	3.632848
14	21	54	61	339.101929	-4.188225
14	21	61	55	339.101929	3.540546
14	21	55	62	339.101929	-4.061485
14	21	62	56	339.101929	3.540327
14	21	56	63	339.101929	-4.012287
14	21	57	64	339.735830	-3.929367
14	22	58	66	324.855672	-4.622970
14	22	66	59	324.855672	3.823307
14	22	59	67	324.855672	-4.208585
14	22	67	60	324.855672	3.491229
14	22	60	68	324.855672	-3.894522
14	22	68	61	324.855672	3.264698
14	22	61	69	324.855672	-3.659708
14	22	69	62	324.855672	3.072534
14	22	62	70	324.855672	-3.398405
14	22	63	71	326.493510	-3.160561
15	16	17	18	231.465851	-230.921465
15	16	18	19	231.465851	-73.830391
15	16	19	20	231.465851	-29.899736
15	16	20	21	231.465851	-15.174649
15	16	22	23	355.512665	-8.669072
15	16	21	22	356.428925	-13.305318
15	17	23	25	379.670135	-24.912755
15	17	25	27	379.670135	-12.578533
15	17	27	29	379.670135	-7.299649
15	17	29	24	379.670135	29.954015
15	17	24	26	379.670135	-17.283679
15	17	26	28	379.670135	-9.458067
15	17	28	30	379.670135	-5.836219
15	18	29	32	376.983480	-11.063119
15	18	32	35	376.983480	-6.192063
15	18	35	30	376.983480	12.827800
15	18	30	33	376.983480	-9.087115
15	18	33	36	376.983480	-5.367169
15	18	36	31	376.983480	10.880234
15	18	31	34	376.983480	-7.557287
15	18	34	37	376.983480	-4.837765
15	19	35	39	387.629924	-8.881948
15	19	39	43	387.629924	-5.905140
15	19	43	36	387.629924	12.179178
15	19	36	40	387.629924	-7.910955
15	19	40	44	387.629924	-5.518972
15	19	44	37	387.629924	11.137521
15	19	37	41	387.629924	-7.175036
15	19	41	38	387.629924	5.102699
15	19	38	42	387.629924	-6.549572
15	20	41	46	372.157786	-7.786495
15	20	46	51	372.157786	-4.179545
15	20	51	42	372.157786	10.114443
15	20	42	47	372.157786	-6.857367
15	20	47	43	372.157786	5.247060
15	20	43	48	372.157786	-6.040421
15	20	48	44	372.157786	4.448142
15	20	44	49	372.157786	-5.283648
15	20	49	45	372.157786	3.784059
15	20	45	50	372.157786	-4.651955
15	21	47	53	368.688141	-5.758937
15	21	53	48	368.688141	4.764585
15	21	48	54	368.688141	-5.454511
15	21	54	49	368.688141	4.406511
15	21	49	55	368.688141	-5.037016
15	21	55	50	368.688141	3.949758
15	21	50	56	368.688141	-4.457549
15	21	56	51	368.688141	3.510425
15	21	51	57	368.688141	-4.014498
15	21	52	58	363.649984	-3.648293
15	22	53	60	348.390747	-4.830384
15	22	60	54	348.390747	4.026202
15	22	54	61	348.390747	-4.629005
15	22	61	55	348.390747	3.907282
15	22	55	62	348.390747	-4.482938
15	22	62	56	348.390747	3.905021
15	22	56	63	348.390747	-4.424597
15	22	63	57	348.390747	3.848674
15	22	57	64	348.390747	-4.297579
15	22	58	65	347.906616	-4.057074
15	23	59	67	360.676412	-5.021644
15	23	67	60	360.676412	4.163154
15	23	60	68	360.676412	-4.630519
15	23	68	61	360.676412	3.878433
15	23	61	69	360.676412	-4.344692
15	23	69	62	360.676412	3.642798
15	23	62	70	360.676412	-4.028149
15	23	70	63	360.676412	3.391188
15	23	63	71	360.676412	-3.717579
15	23	64	72	357.344360	-3.453954
16	17	18	19	231.916351	-277.192756
16	17	19	20	231.916351	-74.215598
16	17	20	21	231.916351	-30.186301
16	17	21	22	231.916351	-15.211480
16	17	23	24	356.221863	-8.422197
16	17	22	23	357.711019	-14.087369
16	18	24	26	362.690104	-23.720011
16	18	26	28	362.690104	-12.017302
16	18	28	30	362.690104	-7.095987
16	18	30	25	362.690104	28.822705
16	18	25	27	362.690104	-16.590250
16	18	27	29	362.690104	-9.076895
16	18	29	31	362.690104	-5.684974
16	19	30	33	368.965902	-11.454693
16	19	33	36	368.965902	-6.395096
16	19	36	31	368.965902	13.297958
16	19	31	34	368.965902	-9.141930
16	19	34	37	368.965902	-5.928579
16	19	37	32	368.965902	11.273634
16	19	32	35	368.965902	-7.470165
16	19	35	38	368.965902	-5.398901
16	20	36	40	358.615143	-8.493296
16	20	40	44	358.615143	-5.760655
16	20	44	37	358.615143	11.781594
16	20	37	41	358.615143	-7.646339
16	20	41	45	358.615143	-5.354068
16	20	45	38	358.615143	10.768370
16	20	38	42	358.615143	-6.933895
16	20	42	39	358.615143	4.915357
16	20	39	43	358.615143	-6.229449
16	21	42	47	350.154846	-7.285108
16	21	47	52	350.154846	-4.119435
16	21	52	43	350.154846	9.684190
16	21	43	48	350.154846	-6.372806
16	21	48	44	350.154846	4.678212
16	21	44	49	350.154846	-5.551497
16	21	49	45	350.154846	3.964217
16	21	45	50	350.154846	-4.866128
16	21	50	46	350.154846	3.586681
16	21	46	51	350.154846	-4.370739
16	22	48	54	334.586650	-5.404430
16	22	54	49	334.586650	4.359853
16	22	49	55	334.586650	-4.962675
16	22	55	50	334.586650	3.881069
16	22	50	56	334.586650	-4.375565
16	22	56	51	334.586650	3.437581
16	22	51	57	334.586650	-3.931171
16	22	57	52	334.586650	3.031474
16	22	52	58	334.586650	-3.603745
16	22	53	59	336.001068	-3.562434
16	23	54	61	344.984741	-4.967577
16	23	61	55	344.984741	4.192330
16	23	55	62	344.984741	-4.788007
16	23	62	56	344.984741	4.167594
16	23	56	63	344.984741	-4.719373
16	23	63	57	344.984741	4.101126
16	23	57	64	344.984741	-4.577098
16	23	64	58	344.984741	3.861980
16	23	58	65	344.984741	-4.311146
16	23	59	66	346.541300	-3.974753
16	24	60	68	362.892843	-4.971933
16	24	68	61	362.892843	4.170542
16	24	61	69	362.892843	-4.646020
16	24	69	62	362.892843	3.889314
16	24	62	70	362.892843	-4.298775
16	24	70	63	362.892843	3.618680
16	24	63	71	362.892843	-3.965751
16	24	71	64	362.892843	3.377909
16	24	64	72	362.892843	-3.686995
17	18	19	20	231.808873	-287.731745
17	18	20	21	231.808873	-72.298495
17	18	21	22	231.808873	-29.869460
17	18	22	23	231.808873	-15.566843
17	18	24	25	378.101735	-8.711786
17	18	23	24	379.809519	-14.050868
17	19	25	27	388.850291	-26.532186
17	19	27	29	388.850291	-13.845222
17	19	29	31	388.850291	-8.114658
17	19	31	26	388.850291	32.712834
17	19	26	28	388.850291	-18.667572
17	19	28	30	388.850291	-10.468090
17	19	30	32	388.850291	-6.544887
17	20	31	34	373.213094	-11.581071
17	20	34	37	373.213094	-6.773616
17	20	37	32	373.213094	13.796606
17	20	32	35	373.213094	-9.425320
17	20	35	38	373.213094	-6.236958
17	20	38	33	373.213094	11.737546
17	20	33	36	373.213094	-7.794447
17	20	36	39	373.213094	-5.633957
17	21	37	41	368.551046	-9.143236
17	21	41	45	368.551046	-6.210387
17	21	45	38	368.551046	12.663530
17	21	38	42	368.551046	-8.217504
17	21	42	46	368.551046	-5.579057
17	21	46	39	368.551046	11.380275
17	21	39	43	368.551046	-7.333494
17	21	43	40	368.551046	5.252472
17	21	40	44	368.551046	-6.757620
17	22	43	48	351.295848	-7.100189
17	22	48	53	351.295848	-4.281088
17	22	53	44	351.295848	9.481405
17	22	44	49	351.295848	-6.149062
17	22	49	45	351.295848	4.378738
17	22	45	50	351.295848	-5.361574
17	22	50	46	351.295848	3.941697
17	22	46	51	351.295848	-4.794118
17	22	51	47	351.295848	3.701900
17	22	47	52	351.295848	-4.521818
17	23	49	55	358.117299	-5.817564
17	23	55	50	358.117299	4.546204
17	23	50	56	358.117299	-5.108903
17	23	56	51	358.117299	4.009183
17	23	51	57	358.117299	-4.574529
17	23	57	52	358.117299	3.519134
17	23	52	58	358.117299	-4.178448
17	23	58	53	358.117299	3.312474
17	23	53	59	358.117299	-4.073041
17	23	54	60	357.938222	-3.970347
17	24	55	62	376.242645	-5.577288
17	24	62	56	376.242645	4.850860
17	24	56	63	376.242645	-5.474960
17	24	63	57	376.242645	4.757917
17	24	57	64	376.242645	-5.304519
17	24	64	58	376.242645	4.471202
17	24	58	65	376.242645	-4.990916
17	24	65	59	376.242645	4.025738
17	24	59	66	376.242645	-4.541643
17	24	60	67	370.774841	-4.103744
17	25	61	69	383.582092	-5.184066
17	25	69	62	383.582092	4.338083
17	25	62	70	383.582092	-4.779047
17	25	70	63	383.582092	4.018067
17	25	63	71	383.582092	-4.399099
17	25	71	64	383.582092	3.744892
17	25	64	72	383.582092	-4.088200
18	19	20	21	221.365214	-283.539084
18	19	21	22	221.365214	-75.495798
18	19	22	23	221.365214	-31.664861
18	19	23	24	221.365214	-15.419020
18	19	25	26	385.701375	-9.722084
18	19	24	25	385.240784	-15.265314
18	20	26	28	371.445760	-25.385535
18	20	28	30	371.445760	-13.094866
18	20	30	32	371.445760	-7.688986
18	20	32	27	371.445760	31.135475
18	20	27	29	371.445760	-17.748687
18	20	29	31	371.445760	-10.051945
18	20	31	33	371.445760	-6.305073
18	21	32	35	369.303060	-11.370753
18	21	35	38	369.303060	-7.340205
18	21	38	33	369.303060	14.015432
18	21	33	36	369.303060	-9.363301
18	21	36	39	369.303060	-6.613653
18	21	39	34	369.303060	12.272851
18	21	34	37	369.303060	-8.122870
18	21	37	40	369.303060	-5.834723
18	22	38	42	349.928080	-8.954881
18	22	42	46	349.928080	-5.925940
18	22	46	39	349.928080	12.223066
18	22	39	43	349.928080	-7.932544
18	22	43	47	349.928080	-5.207679
18	22	47	40	349.928080	10.867887
18	22	40	44	349.928080	-7.263060
18	22	44	41	349.928080	5.157142
18	22	41	45	349.928080	-6.648365
18	23	44	49	359.092041	-7.071780
18	23	49	54	359.092041	-4.437863
18	23	54	45	359.092041	9.458438
18	23	45	50	359.092041	-6.123506
18	23	50	46	359.092041	4.484834
18	23	46	51	359.092041	-5.446196
18	23	51	47	359.092041	4.194050
18	23	47	52	359.092041	-5.115253
18	23	52	48	359.092041	4.077257
18	23	48	53	359.092041	-4.832215
18	24	50	56	375.377574	-5.816784
18	24	56	51	375.377574	4.556935
18	24	51	57	375.377574	-5.183077
18	24	57	52	375.377574	3.977540
18	24	52	58	375.377574	-4.715210
18	24	58	53	375.377574	3.731327
18	24	53	59	375.377574	-4.583861
18	24	59	54	375.377574	3.676735
18	24	54	60	375.377574	-4.439567
18	24	55	61	370.121328	-4.253336
18	25	56	63	381.840647	-5.937868
18	25	63	57	381.840647	5.156342
18	25	57	64	381.840647	-5.730573
18	25	64	58	381.840647	4.822494
18	25	58	65	381.840647	-5.379505
18	25	65	59	381.840647	4.338549
18	25	59	66	381.840647	-4.889966
18	25	66	60	381.840647	3.951956
18	25	60	67	381.840647	-4.457562
18	25	61	68	379.417216	-4.139133
18	26	62	70	366.217112	-4.847686
18	26	70	63	366.217112	4.071664
18	26	63	71	366.217112	-4.452325
18	26	71	64	366.217112	3.793003
18	26	64	72	366.217112	-4.133396
19	20	21	22	246.660578	-296.301611
19	20	22	23	246.660578	-78.568379
19	20	23	24	246.660578	-30.846880
19	20	24	25	246.660578	-15.499826
19	20	26	27	385.342306	-9.223555
19	20	25	26	386.623525	-14.200144
19	21	27	29	377.104095	-24.776540
19	21	29	31	377.104095	-13.680173
19	21	31	33	377.104095	-7.958508
19	21	33	28	377.104095	31.532068
19	21	28	30	377.104095	-17.889925
19	21	30	32	377.104095	-10.147312
19	21	32	34	377.104095	-6.434425
19	22	33	36	360.589640	-10.864240
19	22	36	39	360.589640	-7.405676
19	22	39	34	360.589640	13.717741
19	22	34	37	360.589640	-9.100779
19	22	37	40	360.589640	-6.465261
19	22	40	35	360.589640	12.465298
19	22	35	38	360.589640	-8.447179
19	22	38	41	360.589640	-5.727732
19	23	39	43	368.616455	-9.576526
19	23	43	47	368.616455	-6.124254
19	23	47	40	368.616455	12.928138
19	23	40	44	368.616455	-8.700635
19	23	44	48	368.616455	-5.112887
19	23	48	41	368.616455	11.264216
19	23	41	45	368.616455	-7.911365
19	23	45	42	368.616455	5.612613
19	23	42	46	368.616455	-7.014092
19	24	45	50	383.441630	-7.164968
19	24	50	55	383.441630	-4.519497
19	24	55	46	383.441630	9.753727
19	24	46	51	383.441630	-6.331048
19	24	51	47	383.441630	4.860996
19	24	47	52	383.441630	-5.919274
19	24	52	48	383.441630	4.708734
19	24	48	53	383.441630	-5.572344
19	24	53	49	383.441630	4.313822
19	24	49	54	383.441630	-5.108121
19	25	51	57	390.969198	-5.788906
19	25	57	52	390.969198	4.429517
19	25	52	58	390.969198	-5.236762
19	25	58	53	390.969198	4.135257
19	25	53	59	390.969198	-5.072829
19	25	59	54	390.969198	4.060318
19	25	54	60	390.969198	-4.900384
19	25	60	55	390.969198	4.002594
19	25	55	61	390.969198	-4.731300
19	25	56	62	392.498484	-4.727369
19	26	57	64	372.540070	-5.903607
19	26	64	58	372.540070	4.965483
19	26	58	65	372.540070	-5.529069
19	26	65	59	372.540070	4.449801
19	26	59	66	372.540070	-5.011970
19	26	66	60	372.540070	4.044564
19	26	60	67	372.540070	-4.560700
19	26	67	61	372.540070	3.727273
19	26	61	68	372.540070	-4.240682
19	26	62	69	374.006744	-3.981871
19	27	63	71	373.087433	-4.714257
19	27	71	64	373.087433	4.007754
19	27	64	72	373.087433	-4.366331
20	21	22	23	240.992360	-311.857618
20	21	23	24	240.992360	-76.176683
20	21	24	25	240.992360	-30.109114
20	21	25	26	240.992360	-15.453525
20	21	27	28	365.531158	-8.826234
20	21	26	27	366.953715	-13.949054
20	22	28	30	345.771912	-22.952113
20	22	30	32	345.771912	-12.356512
20	22	32	34	345.771912	-6.959833
20	22	34	29	345.771912	29.014091
20	22	29	31	345.771912	-16.679382
20	22	31	33	345.771912	-9.279919
20	22	33	35	345.771912	-5.284947
20	23	34	37	359.682963	-11.504538
20	23	37	40	359.682963	-7.690552
20	23	40	35	359.682963	14.928094
20	23	35	38	359.682963	-10.161062
20	23	38	41	359.682963	-6.761424
20	23	41	36	359.682963	13.115876
20	23	36	39	359.682963	-8.934253
20	23	39	42	359.682963	-5.974250
20	24	40	44	371.050700	-10.038450
20	24	44	48	371.050700	-5.736653
20	24	48	41	371.050700	12.807249
20	24	41	45	371.050700	-9.050130
20	24	45	49	371.050700	-4.778762
20	24	49	42	371.050700	11.176146
20	24	42	46	371.050700	-7.978284
20	24	46	43	371.050700	5.734302
20	24	43	47	371.050700	-6.932158
20	25	46	51	377.910177	-6.917815
20	25	51	56	377.910177	-4.229961
20	25	56	47	377.910177	9.530925
20	25	47	52	377.910177	-6.417344
20	25	52	48	377.910177	5.091750
20	25	48	53	377.910177	-6.015236
20	25	53	49	377.910177	4.647171
20	25	49	54	377.910177	-5.492819
20	25	54	50	377.910177	4.098934
20	25	50	55	377.910177	-4.852536
20	26	52	58	362.112518	-5.243693
20	26	58	53	362.112518	4.130015
20	26	53	59	362.112518	-5.051631
20	26	59	54	362.112518	4.036882
20	26	54	60	362.112518	-4.862580
20	26	60	55	362.112518	3.965083
20	26	55	61	362.112518	-4.683797
20	26	61	56	362.112518	3.977467
20	26	56	62	362.112518	-4.646295
20	26	57	63	358.273234	-4.512738
20	27	58	65	358.412038	-5.672263
20	27	65	59	358.412038	4.559947
20	27	59	66	358.412038	-5.115902
20	27	66	60	358.412038	4.128734
20	27	60	67	358.412038	-4.649804
20	27	67	61	358.412038	3.791105
20	27	61	68	358.412038	-4.311598
20	27	68	62	358.412038	3.517037
20	27	62	69	358.412038	-4.023660
20	27	63	70	360.598857	-3.756856
20	28	64	72	385.697205	-4.777015
21	22	23	24	255.409058	-284.066980
21	22	24	25	255.409058	-71.551985
21	22	25	26	255.409058	-29.957744
21	22	26	27	255.409058	-15.403101
21	22	28	29	338.977132	-7.758691
21	22	27	28	340.180023	-12.123070
21	23	29	31	351.102315	-23.690576
21	23	31	33	351.102315	-12.543111
21	23	33	35	351.102315	-7.052470
21	23	35	30	351.102315	29.501265
21	23	30	32	351.102315	-17.124939
21	23	32	34	351.102315	-9.307059
21	23	34	36	351.102315	-5.780607
21	24	35	38	361.816254	-12.346745
21	24	38	41	361.816254	-7.891451
21	24	41	36	361.816254	15.513625
21	24	36	39	361.816254	-10.650631
21	24	39	42	361.816254	-6.918617
21	24	42	37	361.816254	13.470474
21	24	37	40	361.816254	-9.101296
21	24	40	43	361.816254	-6.108152
21	25	41	45	368.752696	-10.286592
21	25	45	49	368.752696	-5.256252
21	25	49	42	368.752696	12.509066
21	25	42	46	368.752696	-8.986131
21	25	46	50	368.752696	-4.658087
21	25	50	43	368.752696	11.096040
21	25	43	47	368.752696	-7.764124
21	25	47	44	368.752696	5.322158
21	25	44	48	368.752696	-6.407156
21	26	47	52	357.184245	-6.693508
21	26	52	57	357.184245	-3.747795
21	26	57	48	357.184245	9.051994
21	26	48	53	357.184245	-6.234022
21	26	53	49	357.184245	4.801330
21	26	49	54	357.184245	-5.666818
21	26	54	50	357.184245	4.218625
21	26	50	55	357.184245	-4.982572
21	26	55	51	357.184245	3.747593
21	26	51	56	357.184245	-4.346623
21	27	53	59	352.249746	-5.286325
21	27	59	54	352.249746	4.220071
21	27	54	60	352.249746	-5.062842
21	27	60	55	352.249746	4.119256
21	27	55	61	352.249746	-4.853028
21	27	61	56	352.249746	4.117898
21	27	56	62	352.249746	-4.809570
21	27	62	57	352.249746	4.091207
21	27	57	63	352.249746	-4.705827
21	27	58	64	353.609589	-4.420346
21	28	59	66	382.591003	-5.778745
21	28	66	60	382.591003	4.660397
21	28	60	67	382.591003	-5.218102
21	28	67	61	382.591003	4.252686
21	28	61	68	382.591003	-4.832098
21	28	68	62	382.591003	3.942398
21	28	62	69	382.591003	-4.509614
21	28	69	63	382.591003	3.703713
21	28	63	70	382.591003	-4.160002
21	28	64	71	377.482778	-3.832347
22	23	24	25	118.501508	-138.032643
22	23	25	26	118.501508	-36.173656
22	23	26	27	118.501508	-14.791649
22	23	29	30	335.872518	-8.132014
22	23	27	28	337.731761	-21.757141
22	23	28	29	337.731761	-13.105332
22	24	30	32	343.877482	-23.568221
22	24	32	34	343.877482	-12.165492
22	24	34	36	343.877482	-7.124431
22	24	36	31	343.877482	28.935263
22	24	31	33	343.877482	-16.702196
22	24	33	35	343.877482	-9.069312
22	24	35	37	343.877482	-6.032335
22	25	36	39	350.029887	-12.593233
22	25	39	42	350.029887	-7.873703
22	25	42	37	350.029887	15.582192
22	25	37	40	350.029887	-10.624165
22	25	40	43	350.029887	-6.905287
22	25	43	38	350.029887	13.386461
22	25	38	41	350.029887	-9.117700
22	25	41	44	350.029887	-6.126913
22	26	42	46	341.607971	-9.590919
22	26	46	50	341.607971	-4.789616
22	26	50	43	341.607971	11.639354
22	26	43	47	341.607971	-8.197964
22	26	47	51	341.607971	-4.431008
22	26	51	44	341.607971	10.027252
22	26	44	48	341.607971	-6.726238
22	26	48	45	341.607971	4.358914
22	26	45	49	341.607971	-5.504340
22	27	48	53	339.465658	-6.559980
22	27	53	58	339.465658	-3.569145
22	27	58	49	339.465658	8.616269
22	27	49	54	339.465658	-5.916835
22	27	54	50	339.465658	4.393789
22	27	50	55	339.465658	-5.183012
22	27	55	51	339.465658	3.889838
22	27	51	56	339.465658	-4.502329
22	27	56	52	339.465658	3.276251
22	27	52	57	339.465658	-3.876579
22	28	54	60	361.975301	-5.597015
22	28	60	55	361.975301	4.553486
22	28	55	61	361.975301	-5.329384
22	28	61	56	361.975301	4.517010
22	28	56	62	361.975301	-5.267416
22	28	62	57	361.975301	4.471364
22	28	57	63	361.975301	-5.140720
22	28	63	58	361.975301	4.223624
22	28	58	64	361.975301	-4.797216
22	28	59	65	358.094991	-4.260525
22	29	60	67	344.603027	-5.012743
22	29	67	61	344.603027	4.078465
22	29	61	68	344.603027	-4.601576
22	29	68	62	344.603027	3.743348
22	29	62	69	344.603027	-4.275944
22	29	69	63	344.603027	3.507320
22	29	63	70	344.603027	-3.946975
22	29	70	64	344.603027	3.297380
22	29	64	71	344.603027	-3.664792
22	29	65	72	344.094004	-3.410145
23	24	25	26	124.760396	-138.999014
23	24	26	27	124.760396	-35.422159
23	24	27	28	124.760396	-15.006842
23	24	30	31	356.367269	-8.544658
23	24	28	29	358.716532	-22.481333
23	24	29	30	358.716532	-13.191606
23	25	31	33	362.388611	-24.517807
23	25	33	35	362.388611	-12.347280
23	25	35	37	362.388611	-8.090858
23	25	37	32	362.388611	30.186457
23	25	32	34	362.388611	-16.844568
23	25	34	36	362.388611	-9.642760
23	25	36	38	362.388611	-6.785794
23	26	37	40	350.879690	-12.816513
23	26	40	43	350.879690	-8.013302
23	26	43	38	350.879690	15.775409
23	26	38	41	350.879690	-10.839506
23	26	41	44	350.879690	-7.056460
23	26	44	39	350.879690	13.634233
23	26	39	42	350.879690	-9.273671
23	26	42	45	350.879690	-6.283799
23	27	43	47	350.008708	-9.545599
23	27	47	51	350.008708	-4.992497
23	27	51	44	350.008708	11.483473
23	27	44	48	350.008708	-7.763945
23	27	48	52	350.008708	-4.773064
23	27	52	45	350.008708	9.778701
23	27	45	49	350.008708	-6.308043
23	27	49	46	350.008708	4.174519
23	27	46	50	350.008708	-5.479714
23	28	49	54	369.844045	-7.041716
23	28	54	59	369.844045	-4.025082
23	28	59	50	369.844045	9.243768
23	28	50	55	369.844045	-6.114985
23	28	55	51	369.844045	4.576547
23	28	51	56	369.844045	-5.287703
23	28	56	52	369.844045	3.834159
23	28	52	57	369.844045	-4.526754
23	28	57	53	369.844045	3.370613
23	28	53	58	369.844045	-4.175654
23	29	55	61	355.762675	-5.577998
23	29	61	56	355.762675	4.724925
23	29	56	62	355.762675	-5.485509
23	29	62	57	355.762675	4.653660
23	29	57	63	355.762675	-5.347403
23	29	63	58	355.762675	4.379949
23	29	58	64	355.762675	-4.972711
23	29	64	59	355.762675	3.876174
23	29	59	65	355.762675	-4.432203
23	29	60	66	357.603678	-4.047872
23	30	61	68	374.894552	-5.328530
23	30	68	62	374.894552	4.338694
23	30	62	69	374.894552	-4.925806
23	30	69	63	374.894552	4.035740
23	30	63	70	374.894552	-4.537772
23	30	70	64	374.894552	3.785542
23	30	64	71	374.894552	-4.207127
23	30	71	65	374.894552	3.504268
23	30	65	72	374.894552	-3.876014
24	25	26	27	123.056211	-131.766627
24	25	27	28	123.056211	-35.464013
24	25	28	29	123.056211	-15.116341
24	25	31	32	373.654510	-9.441645
24	25	29	30	375.794240	-23.949682
24	25	30	31	375.794240	-13.663335
24	26	32	34	363.103861	-23.695265
24	26	34	36	363.103861	-12.399512
24	26	36	38	363.103861	-8.594488
24	26	38	33	363.103861	30.847107
24	26	33	35	363.103861	-16.611243
24	26	35	37	363.103861	-10.388246
24	26	37	39	363.103861	-7.070153
24	27	38	41	358.641673	-13.424868
24	27	41	44	358.641673	-8.417526
24	27	44	39	358.641673	16.503475
24	27	39	42	358.641673	-11.322174
24	27	42	45	358.641673	-7.438409
24	27	45	40	358.641673	14.455884
24	27	40	43	358.641673	-9.690392
24	27	43	46	358.641673	-6.512394
24	28	44	48	383.018270	-9.687503
24	28	48	52	383.018270	-5.732291
24	28	52	45	383.018270	11.952075
24	28	45	49	383.018270	-7.782038
24	28	49	53	383.018270	-5.170323
24	28	53	46	383.018270	10.288332
24	28	46	50	383.018270	-6.701767
24	28	50	47	383.018270	4.741592
24	28	47	51	383.018270	-6.076111
24	29	50	55	367.637268	-6.692163
24	29	55	60	367.637268	-4.188092
24	29	60	51	367.637268	9.184440
24	29	51	56	367.637268	-5.740151
24	29	56	52	367.637268	4.148821
24	29	52	57	367.637268	-4.891392
24	29	57	53	367.637268	3.627797
24	29	53	58	367.637268	-4.482357
24	29	58	54	367.637268	3.348571
24	29	54	59	367.637268	-4.329376
24	30	56	62	388.491597	-6.481157
24	30	62	57	388.491597	5.492975
24	30	57	63	388.491597	-6.279858
24	30	63	58	388.491597	5.143784
24	30	58	64	388.491597	-5.830544
24	30	64	59	388.491597	4.534021
24	30	59	65	388.491597	-5.180479
24	30	65	60	388.491597	4.033606
24	30	60	66	388.491597	-4.666592
24	30	61	67	390.327871	-4.293751
24	31	62	69	367.263387	-5.139883
24	31	69	63	367.263387	4.209505
24	31	63	70	367.263387	-4.719217
24	31	70	64	367.263387	3.932272
24	31	64	71	367.263387	-4.363140
24	31	71	65	367.263387	3.627313
24	31	65	72	367.263387	-4.013346
25	26	27	28	122.994914	-134.636722
25	26	28	29	122.994914	-36.379348
25	26	29	30	122.994914	-15.131853
25	26	32	33	368.345449	-8.627653
25	26	30	31	368.846415	-22.915532
25	26	31	32	368.846415	-13.530416
25	27	33	35	364.146271	-22.902517
25	27	35	37	364.146271	-13.471735
25	27	37	39	364.146271	-8.785612
25	27	39	34	364.146271	31.629175
25	27	34	36	364.146271	-16.764361
25	27	36	38	364.146271	-10.911650
25	27	38	40	364.146271	-7.145288
25	28	39	42	391.551890	-14.863065
25	28	42	45	391.551890	-9.408537
25	28	45	40	391.551890	18.550366
25	28	40	43	391.551890	-12.543291
25	28	43	46	391.551890	-8.179799
25	28	46	41	391.551890	15.788388
25	28	41	44	391.551890	-10.780587
25	28	44	47	391.551890	-6.597254
25	29	45	49	373.975444	-8.691792
25	29	49	53	373.975444	-5.587828
25	29	53	46	373.975444	11.271143
25	29	46	50	373.975444	-7.399216
25	29	50	54	373.975444	-4.833763
25	29	54	47	373.975444	10.043709
25	29	47	51	373.975444	-6.657583
25	29	51	48	373.975444	4.919547
25	29	48	52	373.975444	-6.273605
25	30	51	56	399.066172	-6.901689
25	30	56	61	399.066172	-4.893129
25	30	61	52	399.066172	9.868766
25	30	52	57	399.066172	-5.835312
25	30	57	53	399.066172	4.311029
25	30	53	58	399.066172	-5.316902
25	30	58	54	399.066172	3.958772
25	30	54	59	399.066172	-5.107239
25	30	59	55	399.066172	3.927095
25	30	55	60	399.066172	-4.939756
25	31	57	63	373.503845	-6.519101
25	31	63	58	373.503845	5.334505
25	31	58	64	373.503845	-6.027540
25	31	64	59	373.503845	4.679666
25	31	59	65	373.503845	-5.341124
25	31	65	60	373.503845	4.153237
25	31	60	66	373.503845	-4.802494
25	31	66	61	373.503845	3.787975
25	31	61	67	373.503845	-4.372675
25	31	62	68	370.473501	-4.005983
25	32	63	70	359.478658	-4.897191
25	32	70	64	359.478658	4.076640
25	32	64	71	359.478658	-4.523041
25	32	71	65	359.478658	3.756081
25	32	65	72	359.478658	-4.149309
26	27	28	29	121.345228	-146.940371
26	27	29	30	121.345228	-37.963614
26	27	30	31	121.345228	-15.086483
26	27	33	34	348.764272	-7.497310
26	27	31	32	349.822225	-22.028007
26	27	32	33	349.822225	-12.582261
26	28	34	36	377.780996	-24.358100
26	28	36	38	377.780996	-14.572986
26	28	38	40	377.780996	-9.148875
26	28	40	35	377.780996	34.134050
26	28	35	37	377.780996	-18.621390
26	28	37	39	377.780996	-11.476375
26	28	39	41	377.780996	-7.487648
26	29	40	43	362.477478	-14.098139
26	29	43	46	362.477478	-8.848192
26	29	46	41	362.477478	17.332250
26	29	41	44	362.477478	-11.932254
26	29	44	47	362.477478	-7.086266
26	29	47	42	362.477478	14.326020
26	29	42	45	362.477478	-10.310035
26	29	45	48	362.477478	-5.353768
26	30	46	50	379.940206	-8.660712
26	30	50	54	379.940206	-5.449003
26	30	54	47	379.940206	11.526433
26	30	47	51	379.940206	-7.699289
26	30	51	55	379.940206	-4.760953
26	30	55	48	379.940206	10.425478
26	30	48	52	379.940206	-7.203274
26	30	52	49	379.940206	5.176470
26	30	49	53	379.940206	-6.387928
26	31	52	57	359.378062	-5.825387
26	31	57	62	359.378062	-4.698639
26	31	62	53	359.378062	8.990727
26	31	53	58	359.378062	-5.264929
26	31	58	54	359.378062	3.906840
26	31	54	59	359.378062	-5.026104
26	31	59	55	359.378062	3.855551
26	31	55	60	359.378062	-4.840663
26	31	60	56	359.378062	3.951487
26	31	56	61	359.378062	-4.793608
26	32	58	64	348.480275	-6.037526
26	32	64	59	348.480275	4.678027
26	32	59	65	348.480275	-5.320474
26	32	65	60	348.480275	4.128260
26	32	60	66	348.480275	-4.769965
26	32	66	61	348.480275	3.755451
26	32	61	67	348.480275	-4.334790
26	32	67	62	348.480275	3.405683
26	32	62	68	348.480275	-3.981301
26	32	63	69	344.875956	-3.682159
26	33	64	71	370.139709	-5.008268
26	33	71	65	370.139709	4.156242
26	33	65	72	370.139709	-4.578413
27	28	29	30	121.080124	-147.682396
27	28	30	31	121.080124	-37.694776
27	28	31	32	121.080124	-15.138326
27	28	34	35	371.844747	-8.026114
27	28	32	33	374.353617	-22.428881
27	28	33	34	374.353617	-12.839329
27	29	35	37	360.725962	-25.123607
27	29	37	39	360.725962	-14.346994
27	29	39	41	360.725962	-8.962672
27	29	41	36	360.725962	34.021848
27	29	36	38	360.725962	-18.745955
27	29	38	40	360.725962	-11.182512
27	29	40	42	360.725962	-7.494263
27	30	41	44	379.406036	-15.367749
27	30	44	47	379.406036	-8.772510
27	30	47	42	379.406036	18.031838
27	30	42	45	379.406036	-13.073094
27	30	45	48	379.406036	-6.582579
27	30	48	43	379.406036	14.814108
27	30	43	46	379.406036	-11.120397
27	30	46	49	379.406036	-5.302092
27	31	47	51	355.247762	-8.311159
27	31	51	55	355.247762	-4.966050
27	31	55	48	355.247762	11.054522
27	31	48	52	355.247762	-7.691196
27	31	52	56	355.247762	-4.095731
27	31	56	49	355.247762	9.601365
27	31	49	53	355.247762	-6.776038
27	31	53	50	355.247762	4.651192
27	31	50	54	355.247762	-5.772483
27	32	53	58	344.302745	-5.549119
27	32	58	63	344.302745	-4.530900
27	32	63	54	344.302745	8.633232
27	32	54	59	344.302745	-5.252332
27	32	59	55	344.302745	4.014133
27	32	55	60	344.302745	-5.026933
27	32	60	56	344.302745	4.092223
27	32	56	61	344.302745	-4.965078
27	32	61	57	344.302745	4.069270
27	32	57	62	344.302745	-4.856332
27	33	59	65	365.990224	-6.145830
27	33	65	60	365.990224	4.774272
27	33	60	66	365.990224	-5.475263
27	33	66	61	365.990224	4.299806
27	33	61	67	365.990224	-4.960376
27	33	67	62	365.990224	3.891876
27	33	62	68	365.990224	-4.545560
27	33	68	63	365.990224	3.593831
27	33	63	69	365.990224	-4.225421
27	33	64	70	360.415731	-3.895120
27	34	65	72	364.827555	-4.845074
28	29	30	31	125.272146	-155.030028
28	29	31	32	125.272146	-39.654186
28	29	32	33	125.272146	-15.156052
28	29	35	36	383.738037	-9.327313
28	29	33	34	386.270976	-23.323347
28	29	34	35	386.270976	-13.027382
28	30	36	38	407.397105	-30.182772
28	30	38	40	407.397105	-16.856053
28	30	40	42	407.397105	-10.809436
28	30	42	37	407.397105	40.387522
28	30	37	39	407.397105	-22.332649
28	30	39	41	407.397105	-13.201965
28	30	41	43	407.397105	-8.675237
28	31	42	45	384.202301	-16.348441
28	31	45	48	384.202301	-7.939406
28	31	48	43	384.202301	18.161388
28	31	43	46	384.202301	-13.731869
28	31	46	49	384.202301	-6.327433
28	31	49	44	384.202301	14.585599
28	31	44	47	384.202301	-10.753280
28	31	47	50	384.202301	-5.673954
28	32	48	52	365.376251	-9.091685
28	32	52	56	365.376251	-4.703850
28	32	56	49	365.376251	11.178212
28	32	49	53	365.376251	-7.946241
28	32	53	57	365.376251	-4.028142
28	32	57	50	365.376251	9.453690
28	32	50	54	365.376251	-6.719951
28	32	54	51	365.376251	4.658051
28	32	51	55	365.376251	-5.762189
28	33	54	59	391.792460	-6.712386
28	33	59	64	391.792460	-4.963936
28	33	64	55	391.792460	10.078002
28	33	55	60	391.792460	-6.375191
28	33	60	56	391.792460	5.179384
28	33	56	61	391.792460	-6.265041
28	33	61	57	391.792460	5.124937
28	33	57	62	391.792460	-6.120928
28	33	62	58	391.792460	4.822645
28	33	58	63	391.792460	-5.702902
28	34	60	66	388.103770	-6.263569
28	34	66	61	388.103770	4.917620
28	34	61	67	388.103770	-5.655431
28	34	67	62	388.103770	4.430292
28	34	62	68	388.103770	-5.169658
28	34	68	63	388.103770	4.082377
28	34	63	69	388.103770	-4.797211
28	34	69	64	388.103770	3.882135
28	34	64	70	388.103770	-4.463198
28	34	65	71	390.967112	-4.139440
29	30	31	32	49.202843	-62.749653
29	30	32	33	49.202843	-14.973491
29	30	36	37	388.680420	-10.089879
29	30	33	34	386.256165	-46.419631
29	30	34	35	386.256165	-22.796059
29	30	35	36	386.256165	-14.594051
29	31	37	39	363.891042	-28.279045
29	31	39	41	363.891042	-15.650581
29	31	41	43	363.891042	-9.846993
29	31	43	38	363.891042	37.413175
29	31	38	40	363.891042	-20.601098
29	31	40	42	363.891042	-12.515755
29	31	42	44	363.891042	-8.110267
29	32	43	46	356.184570	-15.652152
29	32	46	49	356.184570	-6.925412
29	32	49	44	356.184570	16.269821
29	32	44	47	356.184570	-12.096498
29	32	47	50	356.184570	-6.147512
29	32	50	45	356.184570	12.862827
29	32	45	48	356.184570	-8.837404
29	32	48	51	356.184570	-5.633713
29	33	49	53	370.766703	-9.427821
29	33	53	57	370.766703	-4.628916
29	33	57	50	370.766703	11.043472
29	33	50	54	370.766703	-7.902698
29	33	54	58	370.766703	-4.169002
29	33	58	51	370.766703	9.624567
29	33	51	55	370.766703	-6.734880
29	33	55	52	370.766703	4.507359
29	33	52	56	370.766703	-5.460374
29	34	55	60	373.637533	-6.695878
29	34	60	65	373.637533	-4.505773
29	34	65	56	373.637533	9.933642
29	34	56	61	373.637533	-6.533748
29	34	61	57	373.637533	5.330235
29	34	57	62	373.637533	-6.355185
29	34	62	58	373.637533	5.004616
29	34	58	63	373.637533	-5.910691
29	34	63	59	373.637533	4.384084
29	34	59	64	373.637533	-5.146014
29	35	61	67	388.429097	-6.085683
29	35	67	62	388.429097	4.766766
29	35	62	68	388.429097	-5.529808
29	35	68	63	388.429097	4.362330
29	35	63	69	388.429097	-5.120111
29	35	69	64	388.429097	4.140588
29	35	64	70	388.429097	-4.758338
29	35	70	65	388.429097	3.849749
29	35	65	71	388.429097	-4.362621
29	35	66	72	383.223511	-3.908887
30	31	32	33	50.252609	-60.820417
30	31	33	34	50.252609	-15.008969
30	31	37	38	382.863424	-10.206711
30	31	34	35	366.189606	-42.224858
30	31	35	36	366.189606	-23.342942
30	31	36	37	366.189606	-14.837336
30	32	38	40	371.522970	-29.589043
30	32	40	42	371.522970	-16.770435
30	32	42	44	371.522970	-10.386943
30	32	44	39	371.522970	39.347012
30	32	39	41	371.522970	-21.645026
30	32	41	43	371.522970	-12.862982
30	32	43	45	371.522970	-8.943486
30	33	44	47	389.866892	-16.426702
30	33	47	50	389.866892	-8.014887
30	33	50	45	389.866892	17.061737
30	33	45	48	389.866892	-11.834955
30	33	48	51	389.866892	-7.289610
30	33	51	46	389.866892	13.773112
30	33	46	49	389.866892	-9.161646
30	33	49	52	389.866892	-6.480190
30	34	50	54	390.873342	-9.470632
30	34	54	58	390.873342	-4.826191
30	34	58	51	390.873342	11.335158
30	34	51	55	390.873342	-7.998083
30	34	55	59	390.873342	-4.659212
30	34	59	52	390.873342	9.986857
30	34	52	56	390.873342	-6.439200
30	34	56	53	390.873342	4.387761
30	34	53	57	390.873342	-5.436839
30	35	56	61	407.446442	-7.683836
30	35	61	66	407.446442	-4.706378
30	35	66	57	407.446442	10.961413
30	35	57	62	407.446442	-7.433178
30	35	62	58	407.446442	5.833493
30	35	58	63	407.446442	-6.879591
30	35	63	59	407.446442	5.094757
30	35	59	64	407.446442	-5.972423
30	35	64	60	407.446442	4.419583
30	35	60	65	407.446442	-5.231688
30	36	62	68	399.886037	-6.213486
30	36	68	63	399.886037	4.894081
30	36	63	69	399.886037	-5.730384
30	36	69	64	399.886037	4.628396
30	36	64	70	399.886037	-5.314056
30	36	70	65	399.886037	4.295988
30	36	65	71	399.886037	-4.868203
30	36	71	66	399.886037	3.871670
30	36	66	72	399.886037	-4.371728
31	32	33	34	48.166920	-61.305741
31	32	34	35	48.166920	-14.431736
31	32	38	39	351.783590	-9.782010
31	32	35	36	352.623494	-44.429367
31	32	36	37	352.623494	-24.262002
31	32	37	38	352.623494	-14.612356
31	33	39	41	370.990906	-30.643316
31	33	41	43	370.990906	-17.011009
31	33	43	45	370.990906	-11.377742
31	33	45	40	370.990906	41.475707
31	33	40	42	370.990906	-22.850835
31	33	42	44	370.990906	-13.444840
31	33	44	46	370.990906	-8.910871
31	34	45	48	370.602386	-13.672292
31	34	48	51	370.602386	-8.042991
31	34	51	46	370.602386	15.474208
31	34	46	49	370.602386	-10.401653
31	34	49	52	370.602386	-7.099172
31	34	52	47	370.602386	13.260932
31	34	47	50	370.602386	-8.976645
31	34	50	53	370.602386	-5.842163
31	35	51	55	384.758494	-8.930266
31	35	55	59	384.758494	-5.014581
31	35	59	52	384.758494	10.947794
31	35	52	56	384.758494	-7.125123
31	35	56	60	384.758494	-5.050987
31	35	60	53	384.758494	9.885297
31	35	53	57	384.758494	-5.972557
31	35	57	54	384.758494	3.996873
31	35	54	58	384.758494	-5.265897
31	36	57	62	374.539561	-7.661051
31	36	62	67	374.539561	-4.291286
31	36	67	58	374.539561	10.298754
31	36	58	63	374.539561	-7.053173
31	36	63	59	374.539561	5.209625
31	36	59	64	374.539561	-6.103146
31	36	64	60	374.539561	4.509810
31	36	60	65	374.539561	-5.335407
31	36	65	61	374.539561	3.998757
31	36	61	66	374.539561	-4.801433
31	37	63	69	398.215261	-6.270460
31	37	69	64	398.215261	5.051525
31	37	64	70	398.215261	-5.782529
31	37	70	65	398.215261	4.675841
31	37	65	71	398.215261	-5.287984
31	37	71	66	398.215261	4.200478
31	37	66	72	398.215261	-4.738801
32	33	34	35	47.831650	-60.438567
32	33	35	36	47.831650	-15.091191
32	33	39	40	355.807892	-10.072986
32	33	36	37	350.971883	-47.481309
32	33	37	38	350.971883	-24.823412
32	33	38	39	350.971883	-15.237131
32	34	40	42	357.651265	-30.598076
32	34	42	44	357.651265	-16.800087
32	34	44	46	357.651265	-10.721782
32	34	46	41	357.651265	40.311161
32	34	41	43	357.651265	-21.933915
32	34	43	45	357.651265	-13.927305
32	34	45	47	357.651265	-7.451195
32	35	46	49	369.906036	-12.534115
32	35	49	52	369.906036	-8.161038
32	35	52	47	369.906036	15.529174
32	35	47	50	369.906036	-10.613772
32	35	50	53	369.906036	-6.680939
32	35	53	48	369.906036	13.493956
32	35	48	51	369.906036	-9.416330
32	35	51	54	369.906036	-5.591506
32	36	52	56	363.159739	-7.853342
32	36	56	60	363.159739	-5.340518
32	36	60	53	363.159739	10.643748
32	36	53	57	363.159739	-6.505328
32	36	57	61	363.159739	-5.223751
32	36	61	54	363.159739	9.554218
32	36	54	58	363.159739	-5.677734
32	36	58	55	363.159739	3.884009
32	36	55	59	363.159739	-5.385320
32	37	58	63	382.483521	-8.134899
32	37	63	68	382.483521	-4.483666
32	37	68	59	382.483521	10.518490
32	37	59	64	382.483521	-7.032503
32	37	64	60	382.483521	5.169650
32	37	60	65	382.483521	-6.112309
32	37	65	61	382.483521	4.581034
32	37	61	66	382.483521	-5.480031
32	37	66	62	382.483521	4.097267
32	37	62	67	382.483521	-4.927882
32	38	64	70	418.242920	-6.733235
32	38	70	65	418.242920	5.437591
32	38	65	71	418.242920	-6.118347
32	38	71	66	418.242920	4.864370
32	38	66	72	418.242920	-5.473367
33	34	35	36	46.046665	-56.963283
33	34	36	37	46.046665	-15.070906
33	34	40	41	375.444336	-10.948026
33	34	37	38	348.258280	-46.550807
33	34	38	39	348.258280	-24.847635
33	34	39	40	348.258280	-14.782006
33	35	41	43	390.645894	-32.740302
33	35	43	45	390.645894	-19.348085
33	35	45	47	390.645894	-9.922511
33	35	47	42	390.645894	42.623784
33	35	42	44	390.645894	-24.106201
33	35	44	46	390.645894	-14.567844
33	35	46	48	390.645894	-6.833989
33	36	47	50	380.460002	-13.484732
33	36	50	53	380.460002	-8.105463
33	36	53	48	380.460002	16.681823
33	36	48	51	380.460002	-11.755949
33	36	51	54	380.460002	-6.730741
33	36	54	49	380.460002	14.007553
33	36	49	52	380.460002	-10.082850
33	36	52	55	380.460002	-5.404968
33	37	53	57	406.631602	-8.450418
33	37	57	61	406.631602	-6.560526
33	37	61	54	406.631602	12.164743
33	37	54	58	406.631602	-7.304269
33	37	58	62	406.631602	-6.085837
33	37	62	55	406.631602	11.062978
33	37	55	59	406.631602	-6.839095
33	37	59	56	406.631602	5.134327
33	37	56	60	406.631602	-6.770433
33	38	59	64	443.238210	-9.067841
33	38	64	69	443.238210	-5.301729
33	38	69	60	443.238210	11.974133
33	38	60	65	443.238210	-7.815817
33	38	65	61	443.238210	5.828108
33	38	61	66	443.238210	-6.973956
33	38	66	62	443.238210	5.201887
33	38	62	67	443.238210	-6.239397
33	38	67	63	443.238210	4.674572
33	38	63	68	443.238210	-5.684454
33	39	65	71	439.482412	-7.082948
33	39	71	66	439.482412	5.623732
33	39	66	72	439.482412	-6.315351
34	35	36	37	46.075947	-61.081627
34	35	37	38	46.075947	-15.001133
34	35	41	42	388.978353	-11.376889
34	35	38	39	337.782959	-46.127418
34	35	39	40	337.782959	-24.000693
34	35	40	41	337.782959	-15.028429
34	36	42	44	381.188843	-34.466810
34	36	44	46	381.188843	-19.521609
34	36	46	48	381.188843	-8.739311
34	36	48	43	381.188843	43.335379
34	36	43	45	381.188843	-26.698862
34	36	45	47	381.188843	-12.990876
34	36	47	49	381.188843	-6.942555
34	37	48	51	407.191681	-15.871306
34	37	51	54	407.191681	-8.752272
34	37	54	49	407.191681	18.494741
34	37	49	52	407.191681	-13.351570
34	37	52	55	407.191681	-7.026959
34	37	55	50	407.191681	14.892727
34	37	50	53	407.191681	-10.701687
34	37	53	56	407.191681	-5.557899
34	38	54	58	443.421580	-9.341915
34	38	58	62	443.421580	-7.536540
34	38	62	55	443.421580	13.867639
34	38	55	59	443.421580	-8.651895
34	38	59	63	443.421580	-6.535223
34	38	63	56	443.421580	13.015341
34	38	56	60	443.421580	-8.502694
34	38	60	57	443.421580	6.530287
34	38	57	61	443.421580	-8.218547
34	39	60	65	439.094218	-8.781643
34	39	65	70	439.094218	-5.366803
34	39	70	61	439.094218	11.913825
34	39	61	66	439.094218	-7.760428
34	39	66	62	439.094218	5.768915
34	39	62	67	439.094218	-6.909366
34	39	67	63	439.094218	5.166076
34	39	63	68	439.094218	-6.270673
34	39	68	64	439.094218	4.828500
34	39	64	69	439.094218	-5.882267
34	40	66	72	431.112803	-6.802708
35	36	37	38	44.893669	-61.530629
35	36	38	39	44.893669	-15.886546
35	36	42	43	387.875519	-12.115722
35	36	39	40	307.805837	-45.685110
35	36	40	41	307.805837	-25.124050
35	36	41	42	307.805837	-15.074019
35	37	43	45	419.302470	-43.206956
35	37	45	47	419.302470	-19.999221
35	37	47	49	419.302470	-10.112067
35	37	49	44	419.302470	48.518857
35	37	44	46	419.302470	-30.672050
35	37	46	48	419.302470	-13.069700
35	37	48	50	419.302470	-9.010806
35	38	49	52	458.499044	-19.175651
35	38	52	55	458.499044	-9.534860
35	38	55	50	458.499044	20.787004
35	38	50	53	458.499044	-15.044858
35	38	53	56	458.499044	-7.571946
35	38	56	51	458.499044	16.581470
35	38	51	54	458.499044	-12.197586
35	38	54	57	458.499044	-6.037434
35	39	55	59	459.117493	-10.543179
35	39	59	63	459.117493	-7.700444
35	39	63	56	459.117493	15.583698
35	39	56	60	459.117493	-10.254780
35	39	60	64	459.117493	-6.619527
35	39	64	57	459.117493	14.481465
35	39	57	61	459.117493	-9.859438
35	39	61	58	459.117493	7.256110
35	39	58	62	459.117493	-9.032259
35	40	61	66	447.196320	-8.881693
35	40	66	71	447.196320	-5.440645
35	40	71	62	447.196320	12.037484
35	40	62	67	447.196320	-7.857307
35	40	67	63	447.196320	5.859030
35	40	63	68	447.196320	-7.108489
35	40	68	64	447.196320	5.462972
35	40	64	69	447.196320	-6.646145
35	40	69	65	447.196320	5.154630
35	40	65	70	447.196320	-6.108201
36	37	38	39	11.471097	-15.398818
36	37	43	44	407.897959	-14.427637
36	37	39	40	307.346212	-109.607196
36	37	40	41	307.346212	-48.568465
36	37	41	42	307.346212	-25.459959
36	37	42	43	307.346212	-14.983425
36	38	44	46	444.611521	-46.963731
36	38	46	48	444.611521	-18.460118
36	38	48	50	444.611521	-12.218949
36	38	50	45	444.611521	48.965236
36	38	45	47	444.611521	-29.258881
36	38	47	49	444.611521	-14.006254
36	38	49	51	444.611521	-10.011209
36	39	50	53	446.340963	-18.187221
36	39	53	56	446.340963	-8.761741
36	39	56	51	446.340963	19.604288
36	39	51	54	446.340963	-14.542624
36	39	54	57	446.340963	-6.931639
36	39	57	52	446.340963	15.215913
36	39	52	55	446.340963	-11.261195
36	39	55	58	446.340963	-5.983770
36	40	56	60	431.073100	-11.007502
36	40	60	64	431.073100	-6.893956
36	40	64	57	431.073100	15.314068
36	40	57	61	431.073100	-10.493190
36	40	61	65	431.073100	-6.028408
36	40	65	58	431.073100	13.730826
36	40	58	62	431.073100	-9.564703
36	40	62	59	431.073100	6.544537
36	40	59	63	431.073100	-8.166711
36	41	62	67	439.411774	-8.711352
36	41	67	72	439.411774	-5.270036
36	41	72	63	439.411774	11.761113
36	41	63	68	439.411774	-7.818561
36	41	68	64	439.411774	5.998375
36	41	64	69	439.411774	-7.290836
36	41	69	65	439.411774	5.644046
36	41	65	70	439.411774	-6.687967
36	41	70	66	439.411774	5.108123
36	41	66	71	439.411774	-5.969887
37	38	39	40	11.267819	-15.298601
37	38	44	45	387.728434	-15.084166
37	38	40	41	269.676025	-102.950972
37	38	41	42	269.676025	-42.634466
37	38	42	43	269.676025	-22.170397
37	38	43	44	269.676025	-14.865148
37	39	45	47	485.909170	-45.769395
37	39	47	49	485.909170	-20.361745
37	39	49	51	485.909170	-13.922790
37	39	51	46	485.909170	50.984234
37	39	46	48	485.909170	-27.773739
37	39	48	50	485.909170	-17.284900
37	39	50	52	485.909170	-11.039598
37	40	51	54	468.945455	-18.564231
37	40	54	57	468.945455	-8.453174
37	40	57	52	468.945455	18.847597
37	40	52	55	468.945455	-14.053147
37	40	55	58	468.945455	-7.215913
37	40	58	53	468.945455	15.588348
37	40	53	56	468.945455	-10.907907
37	40	56	59	468.945455	-7.317767
37	41	57	61	477.742645	-13.449270
37	41	61	65	477.742645	-7.521990
37	41	65	58	477.742645	17.363877
37	41	58	62	477.742645	-12.176902
37	41	62	66	477.742645	-6.627794
37	41	66	59	477.742645	14.893565
37	41	59	63	477.742645	-10.291840
37	41	63	60	477.742645	7.030687
37	41	60	64	477.742645	-8.688909
37	42	63	68	481.644328	-9.665973
37	42	68	64	481.644328	7.402860
37	42	64	69	481.644328	-8.970933
37	42	69	65	481.644328	6.927273
37	42	65	70	481.644328	-8.196764
37	42	70	66	481.644328	6.244387
37	42	66	71	481.644328	-7.287074
37	42	71	67	481.644328	5.567851
37	42	67	72	481.644328	-6.477431
38	39	40	41	10.275965	-15.160855
38	39	45	46	418.513275	-14.999793
38	39	41	42	245.332575	-91.620682
38	39	42	43	245.332575	-38.200141
38	39	43	44	245.332575	-22.854398
38	39	44	45	245.332575	-14.841463
38	40	46	48	530.319092	-42.890288
38	40	48	50	530.319092	-24.654651
38	40	50	52	530.319092	-14.803640
38	40	52	47	530.319092	55.903730
38	40	47	49	530.319092	-29.957456
38	40	49	51	530.319092	-19.233827
38	40	51	53	530.319092	-11.480267
38	41	52	55	539.192362	-20.404879
38	41	55	58	539.192362	-9.861012
38	41	58	53	539.192362	21.802553
38	41	53	56	539.192362	-15.454306
38	41	56	59	539.192362	-9.867813
38	41	59	54	539.192362	18.586705
38	41	54	57	539.192362	-11.801935
38	41	57	60	539.192362	-9.716590
38	42	58	62	538.615804	-16.006990
38	42	62	66	538.615804	-8.506845
38	42	66	59	538.615804	19.328954
38	42	59	63	538.615804	-13.433505
38	42	63	67	538.615804	-7.526031
38	42	67	60	538.615804	16.653984
38	42	60	64	538.615804	-11.266154
38	42	64	61	538.615804	7.813348
38	42	61	65	538.615804	-9.744880
38	43	64	69	545.124959	-11.277548
38	43	69	65	545.124959	8.690366
38	43	65	70	545.124959	-10.282939
38	43	70	66	545.124959	7.821196
38	43	66	71	545.124959	-9.103815
38	43	71	67	545.124959	6.948511
38	43	67	72	545.124959	-8.080599
39	40	41	42	11.027990	-15.119098
39	40	46	47	504.260976	-14.956813
39	40	42	43	269.814697	-94.701408
39	40	43	44	269.814697	-46.236696
39	40	44	45	269.814697	-26.880735
39	40	45	46	269.814697	-14.782961
39	41	47	49	533.122131	-44.598785
39	41	49	51	533.122131	-26.287298
39	41	51	53	533.122131	-14.963163
39	41	53	48	533.122131	60.775021
39	41	48	50	533.122131	-34.882661
39	41	50	52	533.122131	-19.741358
39	41	52	54	533.122131	-11.030930
39	42	53	56	535.531189	-19.436626
39	42	56	59	535.531189	-11.778242
39	42	59	54	535.531189	22.546557
39	42	54	57	535.531189	-14.479000
39	42	57	60	535.531189	-11.479158
39	42	60	55	535.531189	19.535711
39	42	55	58	535.531189	-11.950467
39	42	58	61	535.531189	-10.352759
39	43	59	63	535.600016	-15.331377
39	43	63	67	535.600016	-8.373874
39	43	67	60	535.600016	18.746442
39	43	60	64	535.600016	-12.762473
39	43	64	68	535.600016	-7.718737
39	43	68	61	535.600016	16.533079
39	43	61	65	535.600016	-10.964662
39	43	65	62	535.600016	7.502609
39	43	62	66	535.600016	-9.533920
39	44	65	70	535.345785	-11.485241
39	44	70	66	535.345785	8.720608
39	44	66	71	535.345785	-10.157319
39	44	71	67	535.345785	7.727329
39	44	67	72	535.345785	-8.955623
40	41	42	43	10.464790	-14.834309
40	41	47	48	514.617472	-14.997594
40	41	43	44	296.803182	-129.663129
40	41	44	45	296.803182	-61.648065
40	41	45	46	296.803182	-30.798991
40	41	46	47	296.803182	-14.901390
40	42	48	50	514.676799	-51.088325
40	42	50	52	514.676799	-26.697563
40	42	52	54	514.676799	-14.472832
40	42	54	49	514.676799	63.161297
40	42	49	51	514.676799	-37.063189
40	42	51	53	514.676799	-19.789387
40	42	53	55	514.676799	-10.976900
40	43	54	57	514.032572	-17.358505
40	43	57	60	514.032572	-13.044017
40	43	60	55	514.032572	22.541291
40	43	55	58	514.032572	-13.964369
40	43	58	61	514.032572	-11.636612
40	43	61	56	514.032572	20.461902
40	43	56	59	514.032572	-13.544570
40	43	59	62	514.032572	-9.612079
40	44	60	64	510.602814	-14.383008
40	44	64	68	510.602814	-8.462540
40	44	68	61	510.602814	18.355753
40	44	61	65	510.602814	-12.256502
40	44	65	69	510.602814	-7.885776
40	44	69	62	510.602814	16.243003
40	44	62	66	510.602814	-10.597870
40	44	66	63	510.602814	7.290655
40	44	63	67	510.602814	-9.259478
40	45	66	71	476.343302	-10.338376
40	45	71	67	476.343302	7.849306
40	45	67	72	476.343302	-9.087738
41	42	43	44	10.154148	-17.075321
41	42	48	49	433.469045	-14.946259
41	42	44	45	308.830760	-155.993502
41	42	45	46	308.830760	-65.589148
41	42	46	47	308.830760	-28.430981
41	42	47	48	308.830760	-15.010363
41	43	49	51	522.373332	-52.942320
41	43	51	53	522.373332	-26.609425
41	43	53	55	522.373332	-14.092200
41	43	55	50	522.373332	61.628162
41	43	50	52	522.373332	-36.795279
41	43	52	54	522.373332	-18.867974
41	43	54	56	522.373332	-9.812188
41	44	55	58	517.948995	-17.677024
41	44	58	61	517.948995	-14.126699
41	44	61	56	517.948995	25.165786
41	44	56	59	517.948995	-16.820186
41	44	59	62	517.948995	-11.534922
41	44	62	57	517.948995	22.869023
41	44	57	60	517.948995	-15.998154
41	44	60	63	517.948995	-9.559813
41	45	61	65	477.926585	-13.443634
41	45	65	69	477.926585	-8.459782
41	45	69	62	477.926585	17.592522
41	45	62	66	477.926585	-11.549985
41	45	66	70	477.926585	-7.549579
41	45	70	63	477.926585	15.463219
41	45	63	67	477.926585	-10.036197
41	45	67	64	477.926585	7.119205
41	45	64	68	477.926585	-9.140897
41	46	67	72	469.371969	-9.844007
42	43	44	45	9.988296	-16.916675
42	43	49	50	422.603088	-15.098120
42	43	45	46	282.884532	-135.560749
42	43	46	47	282.884532	-48.193180
42	43	47	48	282.884532	-22.449861
42	43	48	49	282.884532	-14.777426
42	44	50	52	520.900045	-54.068165
42	44	52	54	520.900045	-25.537444
42	44	54	56	520.900045	-12.913281
42	44	56	51	520.900045	61.358883
42	44	51	53	520.900045	-37.595756
42	44	53	55	520.900045	-18.855841
42	44	55	57	520.900045	-8.961819
42	45	56	59	479.041748	-19.248431
42	45	59	62	479.041748	-12.739942
42	45	62	57	479.041748	25.592481
42	45	57	60	479.041748	-18.059992
42	45	60	63	479.041748	-10.456123
42	45	63	58	479.041748	22.182653
42	45	58	61	479.041748	-15.785646
42	45	61	64	479.041748	-8.734930
42	46	62	66	466.538177	-12.599617
42	46	66	70	466.538177	-8.073052
42	46	70	63	466.538177	16.670027
42	46	63	67	466.538177	-10.877825
42	46	67	71	466.538177	-7.098003
42	46	71	64	466.538177	14.789187
42	46	64	68	466.538177	-9.855168
42	46	68	65	466.538177	7.065419
42	46	65	69	466.538177	-9.089283
43	44	50	51	400.072428	-14.840522
43	44	45	46	245.015411	-473.081820
43	44	46	47	245.015411	-110.426871
43	44	47	48	245.015411	-41.507054
43	44	48	49	245.015411	-23.990615
43	44	49	50	245.015411	-14.937458
43	45	51	53	480.856649	-51.178520
43	45	53	55	480.856649	-24.053543
43	45	55	57	480.856649	-10.859623
43	45	57	52	480.856649	54.602752
43	45	52	54	480.856649	-33.869062
43	45	54	56	480.856649	-15.909073
43	45	56	58	480.856649	-9.565489
43	46	57	60	467.584707	-20.918451
43	46	60	63	467.584707	-11.705143
43	46	63	58	467.584707	25.196463
43	46	58	61	467.584707	-18.069471
43	46	61	64	467.584707	-9.703672
43	46	64	59	467.584707	20.234793
43	46	59	62	467.584707	-14.416116
43	46	62	65	467.584707	-8.069838
43	47	63	67	531.893331	-13.460201
43	47	67	71	531.893331	-8.620492
43	47	71	64	531.893331	18.110642
43	47	64	68	531.893331	-12.120313
43	47	68	72	531.893331	-7.331720
43	47	72	65	531.893331	15.992353
43	47	65	69	531.893331	-11.127114
43	47	69	66	531.893331	7.895555
43	47	66	70	531.893331	-9.840781
44	45	51	52	381.898366	-14.902280
44	45	46	47	260.007212	-420.728036
44	45	47	48	260.007212	-102.631740
44	45	48	49	260.007212	-48.998855
44	45	49	50	260.007212	-26.883222
44	45	50	51	260.007212	-14.866420
44	46	52	54	468.167918	-44.124515
44	46	54	56	468.167918	-19.280368
44	46	56	58	468.167918	-10.936261
44	46	58	53	468.167918	48.405743
44	46	53	55	468.167918	-30.303605
44	46	55	57	468.167918	-12.729690
44	46	57	59	468.167918	-10.789026
44	47	58	61	526.314209	-22.542853
44	47	61	64	526.314209	-11.676812
44	47	64	59	526.314209	24.686556
44	47	59	62	526.314209	-17.724404
44	47	62	65	526.314209	-9.631287
44	47	65	60	526.314209	19.940359
44	47	60	63	526.314209	-14.197223
44	47	63	66	526.314209	-8.207565
44	48	64	68	510.234711	-12.198497
44	48	68	72	510.234711	-7.221149
44	48	72	65	510.234711	15.909182
44	48	65	69	510.234711	-11.129849
44	48	69	66	510.234711	7.878893
44	48	66	70	510.234711	-9.795244
44	48	70	67	510.234711	6.997184
44	48	67	71	510.234711	-8.550976
45	46	52	53	441.996806	-13.858276
45	46	47	48	275.365590	-395.181655
45	46	48	49	275.365590	-116.514575
45	46	49	50	275.365590	-49.673330
45	46	50	51	275.365590	-24.062367
45	46	51	52	275.365590	-14.951494
45	47	53	55	484.459900	-39.845313
45	47	55	57	484.459900	-15.196556
45	47	57	59	484.459900	-12.259412
45	47	59	54	484.459900	43.183437
45	47	54	56	484.459900	-24.398542
45	47	56	58	484.459900	-12.666776
45	47	58	60	484.459900	-10.799339
45	48	59	62	473.281708	-17.250647
45	48	62	65	473.281708	-8.985654
45	48	65	60	473.281708	18.935197
45	48	60	63	473.281708	-13.603957
45	48	63	66	473.281708	-7.606321
45	48	66	61	473.281708	15.786724
45	48	61	64	473.281708	-11.048336
45	48	64	67	473.281708	-6.684071
45	49	65	69	482.710938	-11.603724
45	49	69	66	482.710938	8.183666
45	49	66	70	482.710938	-10.132413
45	49	70	67	482.710938	7.221552
45	49	67	71	482.710938	-8.800120
45	49	71	68	482.710938	6.076361
45	49	68	72	482.710938	-7.415791
46	47	53	54	476.570587	-13.401180
46	47	48	49	339.010559	-539.756543
46	47	49	50	339.010559	-134.432354
46	47	50	51	339.010559	-51.815461
46	47	51	52	339.010559	-28.151325
46	47	52	53	339.010559	-15.072440
46	48	54	56	459.657328	-30.135526
46	48	56	58	459.657328	-14.150398
46	48	58	60	459.657328	-11.512896
46	48	60	55	459.657328	36.039696
46	48	55	57	459.657328	-17.770682
46	48	57	59	459.657328	-13.330676
46	48	59	61	459.657328	-8.566140
46	49	60	63	467.629069	-16.201703
46	49	63	66	467.629069	-8.672869
46	49	66	61	467.629069	18.343651
46	49	61	64	467.629069	-12.952270
46	49	64	67	467.629069	-7.575843
46	49	67	62	467.629069	15.184961
46	49	62	65	467.629069	-10.424807
46	49	65	68	467.629069	-6.798968
46	50	66	70	451.101166	-11.268836
46	50	70	67	451.101166	8.001837
46	50	67	71	451.101166	-9.717455
46	50	71	68	451.101166	6.689010
46	50	68	72	451.101166	-8.150419
47	48	54	55	519.531942	-13.254010
47	48	49	50	359.082886	-481.460565
47	48	50	51	359.082886	-120.922143
47	48	51	52	359.082886	-53.658619
47	48	52	53	359.082886	-25.256710
47	48	53	54	359.082886	-14.995111
47	49	55	57	524.076803	-30.898218
47	49	57	59	524.076803	-21.023986
47	49	59	61	524.076803	-12.873699
47	49	61	56	524.076803	46.334833
47	49	56	58	524.076803	-23.227565
47	49	58	60	524.076803	-17.723279
47	49	60	62	524.076803	-9.716177
47	50	61	64	502.234131	-18.382591
47	50	64	67	502.234131	-10.370157
47	50	67	62	502.234131	21.098634
47	50	62	65	502.234131	-14.600526
47	50	65	68	502.234131	-9.249946
47	50	68	63	502.234131	17.758554
47	50	63	66	502.234131	-12.031403
47	50	66	69	502.234131	-8.251245
47	51	67	71	517.976400	-13.214801
47	51	71	68	517.976400	9.066318
47	51	68	72	517.976400	-11.005612
48	49	55	56	509.835297	-11.448795
48	49	50	51	317.937378	-450.460414
48	49	51	52	317.937378	-132.543065
48	49	52	53	317.937378	-50.748818
48	49	53	54	317.937378	-27.051191
48	49	54	55	317.937378	-14.981513
48	50	56	58	485.947469	-35.001472
48	50	58	60	485.947469	-24.821950
48	50	60	62	485.947469	-12.952684
48	50	62	57	485.947469	53.650331
48	50	57	59	485.947469	-30.360216
48	50	59	61	485.947469	-17.549360
48	50	61	63	485.947469	-10.277502
48	51	62	65	498.595306	-18.442552
48	51	65	68	498.595306	-11.290238
48	51	68	63	498.595306	21.948690
48	51	63	66	498.595306	-14.981329
48	51	66	69	498.595306	-10.025826
48	51	69	64	498.595306	19.201221
48	51	64	67	498.595306	-12.806039
48	51	67	70	498.595306	-8.720590
48	52	68	72	504.340485	-12.952180
49	50	56	57	498.006134	-12.257408
49	50	51	52	370.511434	-652.784480
49	50	52	53	370.511434	-158.719404
49	50	53	54	370.511434	-69.449817
49	50	54	55	370.511434	-34.697642
49	50	55	56	370.511434	-14.983776
49	51	57	59	511.222260	-45.026986
49	51	59	61	511.222260	-24.409687
49	51	61	63	511.222260	-13.677711
49	51	63	58	511.222260	59.177519
49	51	58	60	511.222260	-35.664132
49	51	60	62	511.222260	-17.533949
49	51	62	64	511.222260	-10.443442
49	52	63	66	511.278086	-18.990182
49	52	66	69	511.278086	-12.300332
49	52	69	64	511.278086	23.828969
49	52	64	67	511.278086	-16.012985
49	52	67	70	511.278086	-10.645937
49	52	70	65	511.278086	20.557694
49	52	65	68	511.278086	-14.000131
49	52	68	71	511.278086	-8.805742
50	51	57	58	491.046356	-13.171720
50	51	52	53	421.205994	-605.891605
50	51	53	54	421.205994	-170.335729
50	51	54	55	421.205994	-72.246289
50	51	55	56	421.205994	-27.040540
50	51	56	57	421.205994	-14.815594
50	52	58	60	487.968241	-46.690253
50	52	60	62	487.968241	-21.243088
50	52	62	64	487.968241	-12.129370
50	52	64	59	487.968241	51.981812
50	52	59	61	487.968241	-30.670681
50	52	61	63	487.968241	-16.179329
50	52	63	65	487.968241	-9.301312
50	53	64	67	488.377299	-17.546325
50	53	67	70	488.377299	-11.309796
50	53	70	65	488.377299	22.099719
50	53	65	68	488.377299	-15.144595
50	53	68	71	488.377299	-9.304192
50	53	71	66	488.377299	18.531991
50	53	66	69	488.377299	-13.178859
50	53	69	72	488.377299	-7.290182
51	52	58	59	434.352997	-14.935133
51	52	53	54	355.399384	-518.735138
51	52	54	55	355.399384	-149.776499
51	52	55	56	355.399384	-45.605782
51	52	56	57	355.399384	-21.502979
51	52	57	58	355.399384	-14.853351
51	53	59	61	500.775319	-42.050284
51	53	61	63	500.775319	-20.543681
51	53	63	65	500.775319	-11.305942
51	53	65	60	500.775319	47.914712
51	53	60	62	500.775319	-27.834595
51	53	62	64	500.775319	-15.065127
51	53	64	66	500.775319	-9.394431
51	54	65	68	518.300008	-19.124386
51	54	68	71	518.300008	-11.384011
51	54	71	66	518.300008	22.952793
51	54	66	69	518.300008	-16.427703
51	54	69	72	518.300008	-8.858103
51	54	72	67	518.300008	19.177227
51	54	67	70	518.300008	-13.996625
52	53	59	60	505.309031	-14.954620
52	53	54	55	304.838206	-464.590299
52	53	55	56	304.838206	-91.172197
52	53	56	57	304.838206	-33.097380
52	53	57	58	304.838206	-19.576398
52	53	58	59	304.838206	-14.795909
52	54	60	62	517.489848	-39.195315
52	54	62	64	517.489848	-19.707910
52	54	64	66	517.489848	-11.701266
52	54	66	61	517.489848	47.570038
52	54	61	63	517.489848	-27.776120
52	54	63	65	517.489848	-14.415275
52	54	65	67	517.489848	-9.715981
52	55	66	69	542.785889	-20.346187
52	55	69	72	542.785889	-10.561826
52	55	72	67	542.785889	23.218336
52	55	67	70	542.785889	-17.024263
52	55	70	68	542.785889	10.325686
52	55	68	71	542.785889	-13.771142
53	54	60	61	516.383118	-13.807330
53	54	55	56	310.709544	-378.427741
53	54	56	57	310.709544	-84.387032
53	54	57	58	310.709544	-39.074146
53	54	58	59	310.709544	-26.297093
53	54	59	60	310.709544	-14.836207
53	55	61	63	538.834778	-40.056127
53	55	63	65	538.834778	-19.485816
53	55	65	67	538.834778	-12.644450
53	55	67	62	538.834778	48.550585
53	55	62	64	538.834778	-27.459128
53	55	64	66	538.834778	-15.451824
53	55	66	68	538.834778	-10.541044
53	56	67	70	543.192322	-20.008831
53	56	70	68	543.192322	12.063163
53	56	68	71	543.192322	-15.959137
53	56	71	69	543.192322	8.994491
53	56	69	72	543.192322	-12.103170
54	55	61	62	560.527507	-14.313070
54	55	56	57	375.167033	-359.823760
54	55	57	58	375.167033	-102.799609
54	55	58	59	375.167033	-57.276049
54	55	59	60	375.167033	-29.038126
54	55	60	61	375.167033	-14.803329
54	56	62	64	558.792989	-36.931192
54	56	64	66	558.792989	-19.467387
54	56	66	68	558.792989	-12.636222
54	56	68	63	558.792989	46.708921
54	56	63	65	558.792989	-25.311271
54	56	65	67	558.792989	-15.492774
54	56	67	69	558.792989	-11.024676
54	57	68	71	575.976603	-20.081771
54	57	71	69	575.976603	11.283361
54	57	69	72	575.976603	-15.118595
55	56	62	63	594.794637	-13.410502
55	56	57	58	428.690063	-368.812327
55	56	58	59	428.690063	-131.779767
55	56	59	60	428.690063	-56.861166
55	56	60	61	428.690063	-25.174857
55	56	61	62	428.690063	-15.039241
55	57	63	65	609.878499	-36.448880
55	57	65	67	609.878499	-21.348174
55	57	67	69	609.878499	-14.360380
55	57	69	64	609.878499	50.842622
55	57	64	66	609.878499	-27.277711
55	57	66	68	609.878499	-16.939796
55	57	68	70	609.878499	-11.564115
55	58	69	72	442.917440	-15.008218
56	57	63	64	619.625346	-12.744884
56	57	58	59	431.719177	-396.289021
56	57	59	60	431.719177	-124.843813
56	57	60	61	431.719177	-45.334710
56	57	61	62	431.719177	-24.282885
56	57	62	63	431.719177	-14.825986
56	58	64	66	584.235331	-39.613443
56	58	66	68	584.235331	-23.253743
56	58	68	70	584.235331	-15.396857
56	58	70	65	584.235331	55.893335
56	58	65	67	584.235331	-29.995526
56	58	67	69	584.235331	-19.504510
56	58	69	71	584.235331	-11.176498
57	58	59	60	604.704468	-673.179155
57	58	60	61	604.704468	-158.683963
57	58	61	62	604.704468	-69.824574
57	58	62	63	604.704468	-38.284417
57	58	63	64	604.704468	-21.654245
57	58	64	65	604.704468	-14.527557
57	59	65	67	564.561117	-46.936277
57	59	67	69	564.561117	-28.802279
57	59	69	71	564.561117	-16.107629
57	59	71	66	564.561117	64.473400
57	59	66	68	564.561117	-35.315619
57	59	68	70	564.561117	-22.395855
57	59	70	72	564.561117	-12.000158
58	59	60	61	492.674438	-529.865557
58	59	61	62	492.674438	-147.825394
58	59	62	63	492.674438	-67.392024
58	59	63	64	492.674438	-33.535349
58	59	64	65	492.674438	-20.852405
58	59	65	66	492.674438	-15.041935
58	60	66	68	539.264079	-49.510960
58	60	68	70	539.264079	-29.542255
58	60	70	72	539.264079	-15.172811
58	60	72	67	539.264079	66.280695
58	60	67	69	539.264079	-39.009082
58	60	69	71	539.264079	-20.771207
59	60	61	62	493.957967	-508.375142
59	60	62	63	493.957967	-153.884377
59	60	63	64	493.957967	-61.937157
59	60	64	65	493.957967	-33.780675
59	60	65	66	493.957967	-22.357852
59	60	66	67	493.957967	-15.010809
59	61	67	69	424.243866	-41.831908
59	61	69	71	424.243866	-20.827959
59	61	71	68	424.243866	39.241312
59	61	68	70	424.243866	-30.592987
59	61	70	72	424.243866	-15.063874
60	61	62	63	466.757345	-513.228497
60	61	63	64	466.757345	-130.795310
60	61	64	65	466.757345	-58.074874
60	61	65	66	466.757345	-34.360452
60	61	66	67	466.757345	-21.009408
60	61	67	68	466.757345	-15.006958
60	62	68	70	317.884440	-32.317968
60	62	70	72	317.884440	-14.887678
60	62	72	69	317.884440	27.564059
60	62	69	71	317.884440	-21.255855
61	62	63	64	406.705821	-398.853265
61	62	64	65	406.705821	-114.639839
61	62	65	66	406.705821	-56.012687
61	62	66	67	406.705821	-30.837904
61	62	67	68	406.705821	-20.416020
61	62	68	69	406.705821	-14.949520
61	63	69	71	408.607920	-38.331474
61	63	71	70	408.607920	15.068872
61	63	70	72	408.607920	-25.741501
62	63	64	65	449.599559	-418.046246
62	63	65	66	449.599559	-132.857070
62	63	66	67	449.599559	-60.882629
62	63	67	68	449.599559	-35.683840
62	63	68	69	449.599559	-24.686578
62	63	69	70	449.599559	-14.928186
62	64	70	72	172.179967	-14.827686
63	64	65	66	505.578400	-498.245228
63	64	66	67	505.578400	-146.928227
63	64	67	68	505.578400	-70.655481
63	64	68	69	505.578400	-43.503611
63	64	69	70	505.578400	-24.761554
63	64	70	71	505.578400	-15.040814
64	65	66	67	498.831950	-538.140371
64	65	67	68	498.831950	-163.434568
64	65	68	69	498.831950	-83.473622
64	65	69	70	498.831950	-42.526505
64	65	70	71	498.831950	-24.109869
64	65	71	72	498.831950	-15.135336
65	66	67	68	310.772827	-344.144561
65	66	68	69	310.772827	-114.874623
65	66	69	70	310.772827	-49.876814
65	66	70	71	310.772827	-25.367332
65	66	71	72	310.772827	-14.948245
66	67	68	69	192.013163	-230.174046
66	67	69	70	192.013163	-67.381249
66	67	70	71	192.013163	-28.322007
66	67	71	72	192.013163	-14.785373
67	68	69	70	98.769770	-119.867302
67	68	70	71	98.769770	-34.020733
67	68	71	72	98.769770	-14.654447
68	69	70	71	48.341136	-58.038321
68	69	71	72	48.341136	-16.161842
69	70	71	72	13.011796	-14.289292
