72# Number of electrodes
# x z position for each electrode
0.000000	0.000000
2.000000	0.000000
4.000000	0.000000
6.000000	0.000000
8.000000	0.000000
10.000000	0.000000
12.000000	0.000000
14.000000	0.000000
16.000000	0.000000
18.000000	0.000000
20.000000	0.000000
22.000000	0.000000
24.000000	0.000000
26.000000	0.000000
28.000000	0.000000
30.000000	0.000000
32.000000	0.000000
34.000000	0.000000
36.000000	0.000000
38.000000	0.000000
40.000000	0.000000
42.000000	0.000000
44.000000	0.000000
46.000000	0.000000
48.000000	0.000000
50.000000	0.000000
52.000000	0.000000
54.000000	0.000000
56.000000	0.000000
58.000000	0.000000
60.000000	0.000000
62.000000	0.000000
64.000000	0.000000
66.000000	0.000000
68.000000	0.000000
70.000000	0.000000
72.000000	0.000000
74.000000	0.000000
76.000000	0.000000
78.000000	0.000000
80.000000	0.000000
82.000000	0.000000
84.000000	0.000000
86.000000	0.000000
88.000000	0.000000
90.000000	0.000000
92.000000	0.000000
94.000000	0.000000
96.000000	0.000000
98.000000	0.000000
100.000000	0.000000
102.000000	0.000000
104.000000	0.000000
106.000000	0.000000
108.000000	0.000000
110.000000	0.000000
112.000000	0.000000
114.000000	0.000000
116.000000	0.000000
118.000000	0.000000
120.000000	0.000000
122.000000	0.000000
124.000000	0.000000
126.000000	0.000000
128.000000	0.000000
130.000000	0.000000
132.000000	0.000000
134.000000	0.000000
136.000000	0.000000
138.000000	0.000000
140.000000	0.000000
142.000000	0.000000
2835# Number of data
# a b m n i/mA u/mV
1	2	3	4	423.171549	-641.140890
1	2	4	5	423.171549	-135.672640
1	2	5	6	423.171549	-49.725796
1	2	6	7	423.171549	-25.351928
1	2	7	8	423.171549	-14.573107
1	2	8	9	423.171549	-9.985864
1	3	9	11	437.975800	-27.679589
1	3	11	13	437.975800	-13.402290
1	3	13	15	437.975800	-9.464167
1	3	15	10	437.975800	34.721530
1	3	10	12	437.975800	-19.232338
1	3	12	14	437.975800	-9.863408
1	3	14	16	437.975800	-9.132587
1	4	15	18	424.320801	-13.867132
1	4	18	21	424.320801	-8.467098
1	4	21	16	424.320801	16.664298
1	4	16	19	424.320801	-11.693820
1	4	19	22	424.320801	-6.768607
1	4	22	17	424.320801	13.723464
1	4	17	20	424.320801	-9.690013
1	4	20	23	424.320801	-5.532201
1	5	21	25	405.292460	-7.923777
1	5	25	29	405.292460	-5.057734
1	5	29	22	405.292460	10.498465
1	5	22	26	405.292460	-6.904990
1	5	26	30	405.292460	-4.574980
1	5	30	23	405.292460	9.405665
1	5	23	27	405.292460	-6.132176
1	5	27	24	405.292460	4.411190
1	5	24	28	405.292460	-5.651742
1	6	27	32	398.119609	-6.466315
1	6	32	37	398.119609	-4.043720
1	6	37	28	398.119609	8.900013
1	6	28	33	398.119609	-5.778362
1	6	33	29	398.119609	4.393334
1	6	29	34	398.119609	-5.184040
1	6	34	30	398.119609	3.924863
1	6	30	35	398.119609	-4.667297
1	6	35	31	398.119609	3.498740
1	6	31	36	398.119609	-4.308377
1	7	33	39	402.374176	-5.798789
1	7	39	34	402.374176	4.785360
1	7	34	40	402.374176	-5.598131
1	7	40	35	402.374176	4.637053
1	7	35	41	402.374176	-5.407500
1	7	41	36	402.374176	4.384118
1	7	36	42	402.374176	-5.161129
1	7	42	37	402.374176	4.170405
1	7	37	43	402.374176	-4.927027
1	7	38	44	404.112590	-4.742547
1	8	39	46	421.092438	-6.054960
1	8	46	40	421.092438	5.028082
1	8	40	47	421.092438	-5.634513
1	8	47	41	421.092438	4.663351
1	8	41	48	421.092438	-5.255506
1	8	48	42	421.092438	4.276671
1	8	42	49	421.092438	-4.843312
1	8	49	43	421.092438	3.892415
1	8	43	50	421.092438	-4.406302
1	8	44	51	415.364736	-4.055178
1	9	45	53	396.209625	-4.702922
1	9	53	46	396.209625	3.970754
1	9	46	54	396.209625	-4.287077
1	9	54	47	396.209625	3.605153
1	9	47	55	396.209625	-4.076149
1	9	55	48	396.209625	3.414082
1	9	48	56	396.209625	-3.953325
1	9	56	49	396.209625	3.323097
1	9	49	57	396.209625	-3.836933
1	9	50	58	397.746724	-3.700615
1	10	51	60	393.304647	-4.398002
1	10	60	52	393.304647	3.813717
1	10	52	61	393.304647	-4.214428
1	10	61	53	393.304647	3.804904
1	10	53	62	393.304647	-4.205022
1	10	62	54	393.304647	3.851247
1	10	54	63	393.304647	-4.201769
1	10	63	55	393.304647	3.682391
1	10	55	64	393.304647	-4.013243
1	10	56	65	388.134847	-3.665587
2	3	4	5	372.889750	-554.438530
2	3	5	6	372.889750	-120.055447
2	3	6	7	372.889750	-45.123453
2	3	7	8	372.889750	-21.902033
2	3	8	9	372.889750	-13.916046
2	3	9	10	372.889750	-8.001240
2	4	10	12	359.239319	-22.608278
2	4	12	14	359.239319	-11.171712
2	4	14	16	359.239319	-8.660995
2	4	16	11	359.239319	28.590448
2	4	11	13	359.239319	-15.161735
2	4	13	15	359.239319	-9.695991
2	4	15	17	359.239319	-6.516464
2	5	16	19	340.406901	-10.910545
2	5	19	22	340.406901	-6.435737
2	5	22	17	340.406901	13.208095
2	5	17	20	340.406901	-9.356499
2	5	20	23	340.406901	-5.245675
2	5	23	18	340.406901	11.033677
2	5	18	21	340.406901	-7.937997
2	5	21	24	340.406901	-4.253707
2	6	22	26	368.378398	-7.227311
2	6	26	30	368.378398	-4.680621
2	6	30	23	368.378398	9.752082
2	6	23	27	368.378398	-6.406235
2	6	27	31	368.378398	-4.264014
2	6	31	24	368.378398	8.854895
2	6	24	28	368.378398	-5.859021
2	6	28	25	368.378398	4.144271
2	6	25	29	368.378398	-5.237301
2	7	28	33	369.398621	-6.072991
2	7	33	38	369.398621	-3.830487
2	7	38	29	369.398621	8.443095
2	7	29	34	369.398621	-5.377377
2	7	34	30	369.398621	4.063730
2	7	30	35	369.398621	-4.850990
2	7	35	31	369.398621	3.638942
2	7	31	36	369.398621	-4.440183
2	7	36	32	369.398621	3.370064
2	7	32	37	369.398621	-4.158755
2	8	34	40	380.428691	-5.703759
2	8	40	35	380.428691	4.668516
2	8	35	41	380.428691	-5.423745
2	8	41	36	380.428691	4.425288
2	8	36	42	380.428691	-5.210283
2	8	42	37	380.428691	4.242064
2	8	37	43	380.428691	-5.006854
2	8	43	38	380.428691	4.135044
2	8	38	44	380.428691	-4.775288
2	8	39	45	382.328298	-4.360365
2	9	40	47	368.663177	-5.281738
2	9	47	41	368.663177	4.367224
2	9	41	48	368.663177	-4.932888
2	9	48	42	368.663177	4.024345
2	9	42	49	368.663177	-4.549952
2	9	49	43	368.663177	3.649239
2	9	43	50	368.663177	-4.107720
2	9	50	44	368.663177	3.362983
2	9	44	51	368.663177	-3.807603
2	9	45	52	363.148824	-3.578175
2	10	46	54	361.790599	-4.066113
2	10	54	47	361.790599	3.423933
2	10	47	55	361.790599	-3.875325
2	10	55	48	361.790599	3.232129
2	10	48	56	361.790599	-3.741778
2	10	56	49	361.790599	3.143124
2	10	49	57	361.790599	-3.623602
2	10	57	50	361.790599	3.104952
2	10	50	58	361.790599	-3.506326
2	10	51	59	363.886373	-3.372695
2	11	52	61	378.706340	-4.223973
2	11	61	53	378.706340	3.807603
2	11	53	62	378.706340	-4.197214
2	11	62	54	378.706340	3.839373
2	11	54	63	378.706340	-4.187981
2	11	63	55	378.706340	3.663057
2	11	55	64	378.706340	-3.997037
2	11	64	56	378.706340	3.390198
2	11	56	65	378.706340	-3.718117
2	11	57	66	379.851929	-3.510143
3	4	5	6	369.346985	-523.147727
3	4	6	7	369.346985	-112.077280
3	4	7	8	369.346985	-41.458611
3	4	8	9	369.346985	-22.770761
3	4	9	10	369.346985	-12.266763
3	4	10	11	369.346985	-8.402517
3	5	11	13	353.163503	-20.146356
3	5	13	15	353.163503	-12.542832
3	5	15	17	353.163503	-7.886873
3	5	17	12	353.163503	28.338432
3	5	12	14	353.163503	-15.118107
3	5	14	16	353.163503	-9.842081
3	5	16	18	353.163503	-6.110132
3	6	17	20	371.026143	-12.380114
3	6	20	23	371.026143	-6.565543
3	6	23	18	371.026143	14.211166
3	6	18	21	371.026143	-10.286925
3	6	21	24	371.026143	-5.362805
3	6	24	19	371.026143	11.451157
3	6	19	22	371.026143	-8.256590
3	6	22	25	371.026143	-4.573517
3	7	23	27	372.673665	-7.442126
3	7	27	31	372.673665	-4.797502
3	7	31	24	372.673665	10.120779
3	7	24	28	372.673665	-6.730618
3	7	28	32	372.673665	-4.296303
3	7	32	25	372.673665	9.047463
3	7	25	29	372.673665	-5.988423
3	7	29	26	372.673665	4.238034
3	7	26	30	372.673665	-5.347113
3	8	29	34	385.420970	-6.151873
3	8	34	39	385.420970	-4.229103
3	8	39	30	385.420970	8.889942
3	8	30	35	385.420970	-5.534982
3	8	35	31	385.420970	4.131935
3	8	31	36	385.420970	-5.011355
3	8	36	32	385.420970	3.796010
3	8	32	37	385.420970	-4.662360
3	8	37	33	385.420970	3.550810
3	8	33	38	385.420970	-4.316556
3	9	35	41	370.409831	-5.705437
3	9	41	36	370.409831	4.649352
3	9	36	42	370.409831	-5.462786
3	9	42	37	370.409831	4.437623
3	9	37	43	370.409831	-5.231962
3	9	43	38	370.409831	4.316620
3	9	38	44	370.409831	-4.977282
3	9	44	39	370.409831	3.965869
3	9	39	45	370.409831	-4.510046
3	9	40	46	372.028147	-4.220274
3	10	41	48	363.753906	-5.070530
3	10	48	42	363.753906	4.119831
3	10	42	49	363.753906	-4.655377
3	10	49	43	363.753906	3.732951
3	10	43	50	363.753906	-4.220875
3	10	50	44	363.753906	3.450732
3	10	44	51	363.753906	-3.915720
3	10	51	45	363.753906	3.284377
3	10	45	52	363.753906	-3.719932
3	10	46	53	365.192149	-3.430342
3	11	47	55	382.301188	-4.261234
3	11	55	48	382.301188	3.575667
3	11	48	56	382.301188	-4.106442
3	11	56	49	382.301188	3.448977
3	11	49	57	382.301188	-3.978295
3	11	57	50	382.301188	3.380278
3	11	50	58	382.301188	-3.816016
3	11	58	51	382.301188	3.249388
3	11	51	59	382.301188	-3.677614
3	11	52	60	383.126038	-3.536078
3	12	53	62	395.954397	-4.516839
3	12	62	54	395.954397	4.133970
3	12	54	63	395.954397	-4.477819
3	12	63	55	395.954397	3.918255
3	12	55	64	395.954397	-4.272367
3	12	64	56	395.954397	3.619050
3	12	56	65	395.954397	-3.966299
3	12	65	57	395.954397	3.347287
3	12	57	66	395.954397	-3.719322
3	12	58	67	389.894196	-3.456300
4	5	6	7	340.493729	-435.184079
4	5	7	8	340.493729	-91.597389
4	5	8	9	340.493729	-38.993357
4	5	9	10	340.493729	-18.154838
4	5	10	11	340.493729	-11.806470
4	5	11	12	340.493729	-6.846757
4	6	12	14	365.562469	-20.906435
4	6	14	16	365.562469	-14.045455
4	6	16	18	365.562469	-7.726676
4	6	18	13	365.562469	30.942410
4	6	13	15	365.562469	-17.176000
4	6	15	17	365.562469	-10.249028
4	6	17	19	365.562469	-6.325861
4	7	18	21	365.160187	-11.899762
4	7	21	24	365.160187	-6.112370
4	7	24	19	365.160187	13.308141
4	7	19	22	365.160187	-9.659936
4	7	22	25	365.160187	-5.206592
4	7	25	20	365.160187	10.902088
4	7	20	23	365.160187	-7.697409
4	7	23	26	365.160187	-4.569125
4	8	24	28	377.182068	-7.653720
4	8	28	32	377.182068	-4.737440
4	8	32	25	377.182068	10.115282
4	8	25	29	377.182068	-6.734550
4	8	29	33	377.182068	-4.289351
4	8	33	26	377.182068	9.033706
4	8	26	30	377.182068	-5.984540
4	8	30	27	377.182068	4.247732
4	8	27	31	377.182068	-5.383823
4	9	30	35	365.900167	-5.796739
4	9	35	40	365.900167	-4.174753
4	9	40	31	365.900167	8.510171
4	9	31	36	365.900167	-5.222401
4	9	36	32	365.900167	3.942186
4	9	32	37	365.900167	-4.844336
4	9	37	33	365.900167	3.696756
4	9	33	38	365.900167	-4.479151
4	9	38	34	365.900167	3.533010
4	9	34	39	365.900167	-4.396881
4	10	36	42	359.578257	-5.585644
4	10	42	37	359.578257	4.520058
4	10	37	43	359.578257	-5.300750
4	10	43	38	359.578257	4.362095
4	10	38	44	359.578257	-5.034211
4	10	44	39	359.578257	3.997334
4	10	39	45	359.578257	-4.547622
4	10	45	40	359.578257	3.674058
4	10	40	46	359.578257	-4.229848
4	10	41	47	361.471222	-3.933581
4	11	42	49	375.867208	-5.064356
4	11	49	43	375.867208	4.063074
4	11	43	50	375.867208	-4.557207
4	11	50	44	375.867208	3.720497
4	11	44	51	375.867208	-4.217860
4	11	51	45	375.867208	3.533095
4	11	45	52	375.867208	-4.006919
4	11	52	46	375.867208	3.310501
4	11	46	53	375.867208	-3.647246
4	11	47	54	377.085195	-3.321658
4	12	48	56	381.118601	-4.215825
4	12	56	49	381.118601	3.539171
4	12	49	57	381.118601	-4.066001
4	12	57	50	381.118601	3.451412
4	12	50	58	381.118601	-3.893644
4	12	58	51	381.118601	3.311546
4	12	51	59	381.118601	-3.746707
4	12	59	52	381.118601	3.199387
4	12	52	60	381.118601	-3.567102
4	12	53	61	382.051127	-3.560883
4	13	54	63	374.872904	-4.339921
4	13	63	55	374.872904	3.795484
4	13	55	64	374.872904	-4.119475
4	13	64	56	374.872904	3.488943
4	13	56	65	374.872904	-3.822390
4	13	65	57	374.872904	3.223991
4	13	57	66	374.872904	-3.581525
4	13	66	58	374.872904	3.089972
4	13	58	67	374.872904	-3.367129
4	13	59	68	367.217529	-3.099123
5	6	7	8	349.273763	-400.157353
5	6	8	9	349.273763	-96.094419
5	6	9	10	349.273763	-35.169151
5	6	10	11	349.273763	-19.950803
5	6	11	12	349.273763	-10.463409
5	6	12	13	349.273763	-6.547404
5	7	13	15	355.235931	-23.085846
5	7	15	17	355.235931	-12.862033
5	7	17	19	355.235931	-7.719368
5	7	19	14	355.235931	31.380122
5	7	14	16	355.235931	-18.363518
5	7	16	18	355.235931	-9.589839
5	7	18	20	355.235931	-6.255367
5	8	19	22	365.715912	-11.512264
5	8	22	25	365.715912	-5.812938
5	8	25	20	365.715912	12.502798
5	8	20	23	365.715912	-8.868480
5	8	23	26	365.715912	-5.169839
5	8	26	21	365.715912	10.356985
5	8	21	24	365.715912	-7.078141
5	8	24	27	365.715912	-4.624679
5	9	25	29	344.786509	-7.022214
5	9	29	33	344.786509	-4.278050
5	9	33	26	344.786509	9.223343
5	9	26	30	344.786509	-6.143246
5	9	30	34	344.786509	-3.813781
5	9	34	27	344.786509	8.142745
5	9	27	31	344.786509	-5.495394
5	9	31	28	344.786509	3.840130
5	9	28	32	344.786509	-4.840383
5	10	31	36	345.473887	-5.265952
5	10	36	41	345.473887	-3.884081
5	10	41	32	345.473887	7.859734
5	10	32	37	345.473887	-4.833324
5	10	37	33	345.473887	3.666339
5	10	33	38	345.473887	-4.442012
5	10	38	34	345.473887	3.498014
5	10	34	39	345.473887	-4.349393
5	10	39	35	345.473887	3.407024
5	10	35	40	345.473887	-4.125929
5	11	37	43	364.724569	-5.715019
5	11	43	38	364.724569	4.697329
5	11	38	44	364.724569	-5.384876
5	11	44	39	364.724569	4.271638
5	11	39	45	364.724569	-4.853481
5	11	45	40	364.724569	3.913175
5	11	40	46	364.724569	-4.501972
5	11	46	41	364.724569	3.618835
5	11	41	47	364.724569	-4.156301
5	11	42	48	366.120270	-3.825172
5	12	43	50	369.620433	-4.650984
5	12	50	44	369.620433	3.800417
5	12	44	51	369.620433	-4.269883
5	12	51	45	369.620433	3.575241
5	12	45	52	369.620433	-4.042606
5	12	52	46	369.620433	3.332563
5	12	46	53	369.620433	-3.673639
5	12	53	47	369.620433	3.028159
5	12	47	54	369.620433	-3.317678
5	12	48	55	370.805003	-3.185540
5	13	49	57	361.464722	-3.972809
5	13	57	50	361.464722	3.375772
5	13	50	58	361.464722	-3.768582
5	13	58	51	361.464722	3.202895
5	13	51	59	361.464722	-3.622824
5	13	59	52	361.464722	3.088267
5	13	52	60	361.464722	-3.440627
5	13	60	53	361.464722	3.060373
5	13	53	61	361.464722	-3.407390
5	13	54	62	358.969747	-3.437075
5	14	55	64	347.322784	-3.970848
5	14	64	56	347.322784	3.363246
5	14	56	65	347.322784	-3.659573
5	14	65	57	347.322784	3.083204
5	14	57	66	347.322784	-3.424716
5	14	66	58	347.322784	2.953242
5	14	58	67	347.322784	-3.216679
5	14	67	59	347.322784	2.748492
5	14	59	68	347.322784	-2.991433
5	14	60	69	343.880941	-2.803972
6	7	8	9	375.374293	-458.376908
6	7	9	10	375.374293	-91.744574
6	7	10	11	375.374293	-41.839778
6	7	11	12	375.374293	-19.232676
6	7	12	13	375.374293	-10.771198
6	7	13	14	375.374293	-7.708414
6	8	14	16	387.457387	-26.680897
6	8	16	18	387.457387	-13.365540
6	8	18	20	387.457387	-8.202736
6	8	20	15	387.457387	32.402256
6	8	15	17	387.457387	-18.335590
6	8	17	19	387.457387	-10.353185
6	8	19	21	387.457387	-6.531235
6	9	20	23	365.318095	-10.663298
6	9	23	26	365.318095	-5.931136
6	9	26	21	365.318095	12.089286
6	9	21	24	365.318095	-8.338628
6	9	24	27	365.318095	-5.275280
6	9	27	22	365.318095	10.126651
6	9	22	25	365.318095	-6.855228
6	9	25	28	365.318095	-4.657830
6	10	26	30	362.597941	-7.076973
6	10	30	34	362.597941	-4.275667
6	10	34	27	362.597941	9.250585
6	10	27	31	362.597941	-6.280022
6	10	31	35	362.597941	-3.772448
6	10	35	28	362.597941	8.142250
6	10	28	32	362.597941	-5.502600
6	10	32	29	362.597941	3.873199
6	10	29	33	362.597941	-4.886717
6	11	32	37	382.288696	-5.859836
6	11	37	42	382.288696	-4.267261
6	11	42	33	382.288696	8.728262
6	11	33	38	382.288696	-5.308997
6	11	38	34	382.288696	4.166663
6	11	34	39	382.288696	-5.164373
6	11	39	35	382.288696	4.068957
6	11	35	40	382.288696	-4.914117
6	11	40	36	382.288696	3.811073
6	11	36	41	382.288696	-4.597884
6	12	38	44	390.959737	-6.056007
6	12	44	39	390.959737	4.805549
6	12	39	45	390.959737	-5.394675
6	12	45	40	390.959737	4.342640
6	12	40	46	390.959737	-4.993957
6	12	46	41	390.959737	4.008858
6	12	41	47	390.959737	-4.600567
6	12	47	42	390.959737	3.618127
6	12	42	48	390.959737	-4.180674
6	12	43	49	392.204336	-3.815915
6	13	44	51	375.609263	-4.481630
6	13	51	45	375.609263	3.746590
6	13	45	52	375.609263	-4.219880
6	13	52	46	375.609263	3.481088
6	13	46	53	375.609263	-3.827690
6	13	53	47	375.609263	3.158084
6	13	47	54	375.609263	-3.450987
6	13	54	48	375.609263	2.809558
6	13	48	55	375.609263	-3.243012
6	13	49	56	377.164001	-3.150433
6	14	50	58	364.483215	-3.959995
6	14	58	51	364.483215	3.361476
6	14	51	59	364.483215	-3.798626
6	14	59	52	364.483215	3.233485
6	14	52	60	364.483215	-3.592485
6	14	60	53	364.483215	3.195986
6	14	53	61	364.483215	-3.559463
6	14	61	54	364.483215	3.221285
6	14	54	62	364.483215	-3.585696
6	14	55	63	365.139557	-3.421303
6	15	56	65	419.744354	-4.712379
6	15	65	57	419.744354	3.966522
6	15	57	66	419.744354	-4.381132
6	15	66	58	419.744354	3.777406
6	15	58	67	419.744354	-4.114216
6	15	67	59	419.744354	3.511057
6	15	59	68	419.744354	-3.820441
6	15	68	60	419.744354	3.325158
6	15	60	69	419.744354	-3.594808
6	15	61	70	420.483226	-3.360790
7	8	9	10	388.910100	-358.953391
7	8	10	11	388.910100	-99.438693
7	8	11	12	388.910100	-36.196690
7	8	12	13	388.910100	-17.637320
7	8	13	14	388.910100	-11.341196
7	8	14	15	388.910100	-9.168070
7	9	15	17	372.666128	-24.357897
7	9	17	19	372.666128	-12.876252
7	9	19	21	372.666128	-7.728354
7	9	21	16	372.666128	30.337326
7	9	16	18	372.666128	-16.836924
7	9	18	20	372.666128	-10.183045
7	9	20	22	372.666128	-5.884342
7	10	21	24	366.117788	-9.596905
7	10	24	27	366.117788	-5.819003
7	10	27	22	366.117788	11.364026
7	10	22	25	366.117788	-7.762725
7	10	25	28	366.117788	-5.115928
7	10	28	23	366.117788	9.826798
7	10	23	26	366.117788	-6.647481
7	10	26	29	366.117788	-4.457504
7	11	27	31	384.626241	-7.462084
7	11	31	35	384.626241	-4.298640
7	11	35	28	384.626241	9.460526
7	11	28	32	384.626241	-6.437427
7	11	32	36	384.626241	-3.935966
7	11	36	29	384.626241	8.456140
7	11	29	33	384.626241	-5.688563
7	11	33	30	384.626241	4.008329
7	11	30	34	384.626241	-4.952884
7	12	33	38	391.619629	-5.799620
7	12	38	43	391.619629	-4.393862
7	12	43	34	391.619629	8.938550
7	12	34	39	391.619629	-5.575819
7	12	39	35	391.619629	4.387420
7	12	35	40	391.619629	-5.284021
7	12	40	36	391.619629	4.084010
7	12	36	41	391.619629	-4.918392
7	12	41	37	391.619629	3.774410
7	12	37	42	391.619629	-4.606332
7	13	39	45	382.312693	-5.506831
7	13	45	40	382.312693	4.429271
7	13	40	46	382.312693	-5.065821
7	13	46	41	382.312693	4.060463
7	13	41	47	382.312693	-4.653600
7	13	47	42	382.312693	3.655064
7	13	42	48	382.312693	-4.219195
7	13	48	43	382.312693	3.258680
7	13	43	49	382.312693	-3.793125
7	13	44	50	377.434347	-3.448953
7	14	45	52	365.743449	-4.322533
7	14	52	46	365.743449	3.560687
7	14	46	53	365.743449	-3.907324
7	14	53	47	365.743449	3.214520
7	14	47	54	365.743449	-3.514483
7	14	54	48	365.743449	2.861308
7	14	48	55	365.743449	-3.296753
7	14	55	49	365.743449	2.679043
7	14	49	56	365.743449	-3.186825
7	14	50	57	367.446696	-3.137816
7	15	51	59	424.538452	-4.755906
7	15	59	52	424.538452	4.043867
7	15	52	60	424.538452	-4.478082
7	15	60	53	424.538452	3.975654
7	15	53	61	424.538452	-4.420884
7	15	61	54	424.538452	3.995392
7	15	54	62	424.538452	-4.448624
7	15	62	55	424.538452	3.832004
7	15	55	63	424.538452	-4.229468
7	15	56	64	422.795837	-3.914630
7	16	57	66	402.899587	-4.436094
7	16	66	58	402.899587	3.824036
7	16	58	67	402.899587	-4.135150
7	16	67	59	402.899587	3.528126
7	16	59	68	402.899587	-3.834611
7	16	68	60	402.899587	3.334154
7	16	60	69	402.899587	-3.604282
7	16	69	61	402.899587	3.113116
7	16	61	70	402.899587	-3.343423
7	16	62	71	403.919973	-3.100715
8	9	10	11	384.597221	-435.807476
8	9	11	12	384.597221	-92.708251
8	9	12	13	384.597221	-35.108218
8	9	13	14	384.597221	-19.486100
8	9	14	15	384.597221	-14.451776
8	9	15	16	384.597221	-9.182225
8	10	16	18	377.401744	-22.841729
8	10	18	20	377.401744	-12.726249
8	10	20	22	377.401744	-7.073359
8	10	22	17	377.401744	29.715636
8	10	17	19	377.401744	-17.168805
8	10	19	21	377.401744	-9.544047
8	10	21	23	377.401744	-5.304007
8	11	22	25	399.079000	-10.178571
8	11	25	28	399.079000	-6.410644
8	11	28	23	399.079000	12.524367
8	11	23	26	399.079000	-8.536331
8	11	26	29	399.079000	-5.546869
8	11	29	24	399.079000	10.885697
8	11	24	27	399.079000	-7.422099
8	11	27	30	399.079000	-4.857242
8	12	28	32	408.024017	-7.559426
8	12	32	36	408.024017	-4.453520
8	12	36	29	408.024017	9.766409
8	12	29	33	408.024017	-6.607852
8	12	33	37	408.024017	-4.154458
8	12	37	30	408.024017	8.780553
8	12	30	34	408.024017	-5.714370
8	12	34	31	408.024017	3.942971
8	12	31	35	408.024017	-4.952587
8	13	34	39	389.701823	-5.997057
8	13	39	44	389.701823	-4.188515
8	13	44	35	389.701823	8.930837
8	13	35	40	389.701823	-5.664925
8	13	40	36	389.701823	4.348673
8	13	36	41	389.701823	-5.223963
8	13	41	37	389.701823	3.978002
8	13	37	42	389.701823	-4.843427
8	13	42	38	389.701823	3.806368
8	13	38	43	389.701823	-4.638690
8	14	40	46	376.494090	-5.388639
8	14	46	41	376.494090	4.310924
8	14	41	47	376.494090	-4.926069
8	14	47	42	376.494090	3.861417
8	14	42	48	376.494090	-4.445019
8	14	48	43	376.494090	3.428980
8	14	43	49	376.494090	-3.984720
8	14	49	44	376.494090	3.137345
8	14	44	50	376.494090	-3.644968
8	14	45	51	378.994598	-3.473123
8	15	46	53	442.654399	-5.225386
8	15	53	47	442.654399	4.298891
8	15	47	54	442.654399	-4.658738
8	15	54	48	442.654399	3.791216
8	15	48	55	442.654399	-4.360845
8	15	55	49	442.654399	3.536220
8	15	49	56	442.654399	-4.198596
8	15	56	50	442.654399	3.450658
8	15	50	57	442.654399	-4.077008
8	15	51	58	438.362254	-3.871994
8	16	52	60	417.438883	-4.742676
8	16	60	53	417.438883	4.210159
8	16	53	61	417.438883	-4.642176
8	16	61	54	417.438883	4.191513
8	16	54	62	417.438883	-4.663966
8	16	62	55	417.438883	4.014696
8	16	55	63	417.438883	-4.429715
8	16	63	56	417.438883	3.680157
8	16	56	64	417.438883	-4.068366
8	16	57	65	413.940063	-3.729926
8	17	58	67	417.023295	-4.523256
8	17	67	59	417.023295	3.860752
8	17	59	68	417.023295	-4.177473
8	17	68	60	417.023295	3.629896
8	17	60	69	417.023295	-3.919912
8	17	69	61	417.023295	3.379481
8	17	61	70	417.023295	-3.637471
8	17	70	62	417.023295	3.086404
8	17	62	71	417.023295	-3.328619
8	17	63	72	413.625244	-3.062839
9	10	11	12	365.303274	-329.313568
9	10	12	13	365.303274	-74.202790
9	10	13	14	365.303274	-32.121660
9	10	14	15	365.303274	-20.863932
9	10	15	16	365.303274	-12.184901
9	10	16	17	365.303274	-7.236416
9	11	17	19	380.945903	-23.635327
9	11	19	21	380.945903	-12.428226
9	11	21	23	380.945903	-6.551274
9	11	23	18	380.945903	29.307376
9	11	18	20	380.945903	-17.517897
9	11	20	22	380.945903	-9.005510
9	11	22	24	380.945903	-4.940363
9	12	23	26	386.413157	-9.590725
9	12	26	29	386.413157	-5.930509
9	12	29	24	386.413157	11.911803
9	12	24	27	386.413157	-8.198244
9	12	27	30	386.413157	-5.174516
9	12	30	25	386.413157	10.116660
9	12	25	28	386.413157	-7.006687
9	12	28	31	386.413157	-4.422015
9	13	29	33	372.310944	-6.680161
9	13	33	37	372.310944	-4.003154
9	13	37	30	372.310944	8.664745
9	13	30	34	372.310944	-5.691433
9	13	34	38	372.310944	-3.780591
9	13	38	31	372.310944	7.694477
9	13	31	35	372.310944	-4.897091
9	13	35	32	372.310944	3.376714
9	13	32	36	372.310944	-4.403191
9	14	35	40	365.952271	-5.858469
9	14	40	45	365.952271	-3.834514
9	14	45	36	365.952271	8.323922
9	14	36	41	365.952271	-5.357064
9	14	41	37	365.952271	4.062203
9	14	37	42	365.952271	-4.936368
9	14	42	38	365.952271	3.868047
9	14	38	43	365.952271	-4.704791
9	14	43	39	365.952271	3.555272
9	14	39	44	365.952271	-4.252040
9	15	41	47	415.371379	-6.114164
9	15	47	42	415.371379	4.787479
9	15	42	48	415.371379	-5.461084
9	15	48	43	415.371379	4.201186
9	15	43	49	415.371379	-4.874985
9	15	49	44	415.371379	3.831112
9	15	44	50	415.371379	-4.446128
9	15	50	45	415.371379	3.604019
9	15	45	51	415.371379	-4.179770
9	15	46	52	413.920563	-3.881138
9	16	47	54	397.908925	-4.554678
9	16	54	48	397.908925	3.706672
9	16	48	55	397.908925	-4.229772
9	16	55	49	397.908925	3.424206
9	16	49	56	397.908925	-4.061216
9	16	56	50	397.908925	3.331283
9	16	50	57	397.908925	-3.933346
9	16	57	51	397.908925	3.250615
9	16	51	58	397.908925	-3.740564
9	16	52	59	392.009583	-3.564481
9	17	53	61	398.241628	-4.693531
9	17	61	54	398.241628	4.237918
9	17	54	62	398.241628	-4.689655
9	17	62	55	398.241628	4.034791
9	17	55	63	398.241628	-4.447971
9	17	63	56	398.241628	3.692126
9	17	56	64	398.241628	-4.079520
9	17	64	57	398.241628	3.366183
9	17	57	65	398.241628	-3.745697
9	17	58	66	391.857056	-3.550877
9	18	59	68	399.398621	-4.256146
9	18	68	60	399.398621	3.691541
9	18	60	69	399.398621	-3.953395
9	18	69	61	399.398621	3.415976
9	18	61	70	399.398621	-3.673416
9	18	70	62	399.398621	3.114844
9	18	62	71	399.398621	-3.356794
9	18	71	63	399.398621	2.874828
9	18	63	72	399.398621	-3.100194
10	11	12	13	374.512344	-316.306614
10	11	13	14	374.512344	-82.926873
10	11	14	15	374.512344	-43.324890
10	11	15	16	374.512344	-22.142624
10	11	16	17	374.512344	-12.664651
10	11	17	18	374.512344	-8.133513
10	12	18	20	387.355235	-24.582306
10	12	20	22	387.355235	-11.762113
10	12	22	24	387.355235	-6.150932
10	12	24	19	387.355235	28.023191
10	12	19	21	387.355235	-16.989993
10	12	21	23	387.355235	-8.376416
10	12	23	25	387.355235	-5.039726
10	13	24	27	372.988871	-9.534587
10	13	27	30	372.988871	-5.732283
10	13	30	25	372.988871	11.471819
10	13	25	28	372.988871	-7.999367
10	13	28	31	372.988871	-4.891715
10	13	31	26	372.988871	9.787245
10	13	26	29	372.988871	-6.753725
10	13	29	32	372.988871	-4.241082
10	14	30	34	358.370361	-6.457078
10	14	34	38	358.370361	-4.122036
10	14	38	31	358.370361	8.539916
10	14	31	35	358.370361	-5.474092
10	14	35	39	358.370361	-4.008221
10	14	39	32	358.370361	7.768422
10	14	32	36	358.370361	-4.893846
10	14	36	33	358.370361	3.419020
10	14	33	37	358.370361	-4.470775
10	15	36	41	410.246175	-7.077865
10	15	41	46	410.246175	-4.541190
10	15	46	37	410.246175	9.932452
10	15	37	42	410.246175	-6.500016
10	15	42	38	410.246175	5.077883
10	15	38	43	410.246175	-6.164042
10	15	43	39	410.246175	4.641081
10	15	39	44	410.246175	-5.541501
10	15	44	40	410.246175	4.286061
10	15	40	45	410.246175	-5.010288
10	16	42	48	389.774058	-5.805174
10	16	48	43	389.774058	4.465276
10	16	43	49	389.774058	-5.134064
10	16	49	44	389.774058	4.025708
10	16	44	50	389.774058	-4.662350
10	16	50	45	389.774058	3.772946
10	16	45	51	389.774058	-4.369843
10	16	51	46	389.774058	3.480620
10	16	46	52	389.774058	-4.039567
10	16	47	53	391.587982	-3.666283
10	17	48	55	389.643789	-4.552483
10	17	55	49	389.643789	3.686972
10	17	49	56	389.643789	-4.319505
10	17	56	50	389.643789	3.541362
10	17	50	57	389.643789	-4.174320
10	17	57	51	389.643789	3.446974
10	17	51	58	389.643789	-3.965548
10	17	58	52	389.643789	3.289345
10	17	52	59	389.643789	-3.792525
10	17	53	60	391.357198	-3.805355
10	18	54	62	390.241191	-5.009169
10	18	62	55	390.241191	4.321765
10	18	55	63	390.241191	-4.720451
10	18	63	56	390.241191	3.913692
10	18	56	64	390.241191	-4.322681
10	18	64	57	390.241191	3.561455
10	18	57	65	390.241191	-3.958557
10	18	65	58	390.241191	3.345084
10	18	58	66	390.241191	-3.779588
10	18	59	67	392.247213	-3.533013
10	19	60	69	390.540181	-4.172723
10	19	69	61	390.540181	3.623080
10	19	61	70	390.540181	-3.863407
10	19	70	62	390.540181	3.272795
10	19	62	71	390.540181	-3.538559
10	19	71	63	390.540181	3.032984
10	19	63	72	390.540181	-3.257757
11	12	13	14	403.575287	-328.089904
11	12	14	15	403.575287	-103.816330
11	12	15	16	403.575287	-42.940425
11	12	16	17	403.575287	-21.377359
11	12	17	18	403.575287	-12.846233
11	12	18	19	403.575287	-8.778898
11	13	19	21	393.344208	-24.050030
11	13	21	23	393.344208	-10.882126
11	13	23	25	393.344208	-6.174924
11	13	25	20	393.344208	26.695406
11	13	20	22	393.344208	-16.070112
11	13	22	24	393.344208	-7.763653
11	13	24	26	393.344208	-5.198162
11	14	25	28	377.067017	-10.097401
11	14	28	31	377.067017	-5.922956
11	14	31	26	377.067017	12.034774
11	14	26	29	377.067017	-8.391991
11	14	29	32	377.067017	-5.070598
11	14	32	27	377.067017	10.202998
11	14	27	30	377.067017	-7.073737
11	14	30	33	377.067017	-4.353247
11	15	31	35	435.822103	-8.368772
11	15	35	39	435.822103	-5.650731
11	15	39	32	435.822103	11.415921
11	15	32	36	435.822103	-7.285266
11	15	36	40	435.822103	-5.255741
11	15	40	33	435.822103	10.292105
11	15	33	37	435.822103	-6.534366
11	15	37	34	435.822103	4.758203
11	15	34	38	435.822103	-6.030684
11	16	37	42	415.833588	-7.601141
11	16	42	47	415.833588	-4.634805
11	16	47	38	415.833588	10.566071
11	16	38	43	415.833588	-7.150063
11	16	43	39	415.833588	5.370616
11	16	39	44	415.833588	-6.401254
11	16	44	40	415.833588	4.938134
11	16	40	45	415.833588	-5.761470
11	16	45	41	415.833588	4.417633
11	16	41	46	415.833588	-5.238338
11	17	43	49	414.977193	-6.041870
11	17	49	44	414.977193	4.733782
11	17	44	50	414.977193	-5.444642
11	17	50	45	414.977193	4.400325
11	17	45	51	414.977193	-5.088632
11	17	51	46	414.977193	4.045829
11	17	46	52	414.977193	-4.690961
11	17	52	47	414.977193	3.758420
11	17	47	53	414.977193	-4.204079
11	17	48	54	414.036987	-3.706445
11	18	49	56	415.405548	-5.002931
11	18	56	50	415.405548	4.095659
11	18	50	57	415.405548	-4.812847
11	18	57	51	415.405548	3.968926
11	18	51	58	415.405548	-4.559102
11	18	58	52	415.405548	3.770798
11	18	52	59	415.405548	-4.350246
11	18	59	53	415.405548	3.798576
11	18	53	60	415.405548	-4.275743
11	18	54	61	411.988780	-4.259189
11	19	55	63	403.901581	-5.292882
11	19	63	56	403.901581	4.388231
11	19	56	64	403.901581	-4.820925
11	19	64	57	403.901581	3.967861
11	19	57	65	403.901581	-4.408315
11	19	65	58	403.901581	3.721932
11	19	58	66	403.901581	-4.195786
11	19	66	59	403.901581	3.512034
11	19	59	67	403.901581	-3.871519
11	19	60	68	405.785278	-3.680871
11	20	61	70	394.714661	-4.171561
11	20	70	62	394.714661	3.539624
11	20	62	71	394.714661	-3.804606
11	20	71	63	394.714661	3.249664
11	20	63	72	394.714661	-3.496149
12	13	14	15	400.300456	-403.027664
12	13	15	16	400.300456	-104.875655
12	13	16	17	400.300456	-41.941506
12	13	17	18	400.300456	-22.102791
12	13	18	19	400.300456	-13.769742
12	13	19	20	400.300456	-8.801545
12	14	20	22	385.787862	-24.420053
12	14	22	24	385.787862	-10.805452
12	14	24	26	385.787862	-6.834506
12	14	26	21	385.787862	27.175780
12	14	21	23	385.787862	-15.801449
12	14	23	25	385.787862	-8.324983
12	14	25	27	385.787862	-5.530293
12	15	26	29	448.622579	-13.804654
12	15	29	32	448.622579	-7.897270
12	15	32	27	448.622579	16.281854
12	15	27	30	448.622579	-11.390719
12	15	30	33	448.622579	-6.799085
12	15	33	28	448.622579	13.549275
12	15	28	31	448.622579	-9.431119
12	15	31	34	448.622579	-5.616814
12	16	32	36	424.743408	-8.675691
12	16	36	40	424.743408	-6.064335
12	16	40	33	424.743408	12.050353
12	16	33	37	424.743408	-7.710304
12	16	37	41	424.743408	-5.524218
12	16	41	34	424.743408	11.115499
12	16	34	38	424.743408	-7.072064
12	16	38	35	424.743408	5.113269
12	16	35	39	424.743408	-6.681440
12	17	38	43	424.499430	-8.376577
12	17	43	48	424.499430	-4.689494
12	17	48	39	424.499430	10.967847
12	17	39	44	424.499430	-7.447557
12	17	44	40	424.499430	5.728423
12	17	40	45	424.499430	-6.675582
12	17	45	41	424.499430	5.107718
12	17	41	46	424.499430	-6.048661
12	17	46	42	424.499430	4.520595
12	17	42	47	424.499430	-5.360599
12	18	44	50	423.722432	-6.256046
12	18	50	45	423.722432	5.047105
12	18	45	51	423.722432	-5.806024
12	18	51	46	423.722432	4.608955
12	18	46	52	423.722432	-5.343964
12	18	52	47	423.722432	4.277182
12	18	47	53	423.722432	-4.778752
12	18	53	48	423.722432	3.780224
12	18	48	54	423.722432	-4.204247
12	18	49	55	419.173665	-3.855626
12	19	50	57	414.320048	-5.350921
12	19	57	51	414.320048	4.408730
12	19	51	58	414.320048	-5.033088
12	19	58	52	414.320048	4.158259
12	19	52	59	414.320048	-4.793327
12	19	59	53	414.320048	4.181838
12	19	53	60	414.320048	-4.703061
12	19	60	54	414.320048	4.188787
12	19	54	61	414.320048	-4.703055
12	19	55	62	415.836578	-4.525119
12	20	56	64	401.964406	-5.239820
12	20	64	57	401.964406	4.309557
12	20	57	65	401.964406	-4.776983
12	20	65	58	401.964406	4.023186
12	20	58	66	401.964406	-4.530039
12	20	66	59	401.964406	3.793076
12	20	59	67	401.964406	-4.185515
12	20	67	60	401.964406	3.578232
12	20	60	68	401.964406	-3.933488
12	20	61	69	403.745127	-3.674939
12	21	62	71	432.672353	-4.518343
12	21	71	63	432.672353	3.858206
12	21	63	72	432.672353	-4.141247
13	14	15	16	373.358327	-438.422311
13	14	16	17	373.358327	-109.354562
13	14	17	18	373.358327	-45.438113
13	14	18	19	373.358327	-24.956129
13	14	19	20	373.358327	-14.709446
13	14	20	21	373.358327	-9.027590
13	15	21	23	428.914561	-29.694463
13	15	23	25	428.914561	-14.297699
13	15	25	27	428.914561	-9.074911
13	15	27	22	428.914561	34.777331
13	15	22	24	428.914561	-19.262902
13	15	24	26	428.914561	-11.486584
13	15	26	28	428.914561	-7.452553
13	16	27	30	402.479462	-13.467966
13	16	30	33	402.479462	-7.684785
13	16	33	28	402.479462	15.600773
13	16	28	31	402.479462	-10.955525
13	16	31	34	402.479462	-6.317358
13	16	34	29	402.479462	12.937640
13	16	29	32	402.479462	-9.127772
13	16	32	35	402.479462	-5.359275
13	17	33	37	402.335042	-8.774416
13	17	37	41	402.335042	-5.988585
13	17	41	34	402.335042	12.349057
13	17	34	38	402.335042	-7.918669
13	17	38	42	402.335042	-5.684984
13	17	42	35	402.335042	11.402279
13	17	35	39	402.335042	-7.443771
13	17	39	36	402.335042	5.319143
13	17	36	40	402.335042	-6.732180
13	19	45	51	435.473480	-6.812866
13	19	51	46	435.473480	5.399662
13	19	46	52	435.473480	-6.201569
13	19	52	47	435.473480	4.944221
13	19	47	53	435.473480	-5.532162
13	19	53	48	435.473480	4.377422
13	19	48	54	435.473480	-4.867438
13	19	54	49	435.473480	3.779628
13	19	49	55	435.473480	-4.479822
13	19	50	56	432.937948	-4.308283
13	20	51	58	417.811686	-5.634377
13	20	58	52	417.811686	4.638974
13	20	52	59	417.811686	-5.332724
13	20	59	53	417.811686	4.652559
13	20	53	60	417.811686	-5.227594
13	20	60	54	417.811686	4.654117
13	20	54	61	417.811686	-5.222922
13	20	61	55	417.811686	4.400786
13	20	55	62	417.811686	-4.968681
13	20	56	63	418.671265	-4.551299
13	21	57	65	410.885295	-5.315491
13	21	65	58	410.885295	4.478767
13	21	58	66	410.885295	-5.018898
13	21	66	59	410.885295	4.193805
13	21	59	67	410.885295	-4.626312
13	21	67	60	410.885295	3.955252
13	21	60	68	410.885295	-4.346565
13	21	68	61	410.885295	3.684800
13	21	61	69	410.885295	-4.021657
13	21	62	70	412.612050	-3.702251
13	22	63	72	409.579814	-4.156286
14	15	16	17	407.561462	-547.772665
14	15	17	18	407.561462	-141.901917
14	15	18	19	407.561462	-63.435652
14	15	19	20	407.561462	-33.169994
14	15	20	21	407.561462	-18.847278
14	15	21	22	407.561462	-11.120181
14	16	22	24	386.615529	-26.206068
14	16	24	26	386.615529	-14.416548
14	16	26	28	386.615529	-8.986534
14	16	28	23	386.615529	33.877103
14	16	23	25	386.615529	-18.625200
14	16	25	27	386.615529	-11.160995
14	16	27	29	386.615529	-7.264970
14	17	28	31	387.956635	-13.143050
14	17	31	34	387.956635	-7.242142
14	17	34	29	387.956635	15.144626
14	17	29	32	387.956635	-10.766294
14	17	32	35	387.956635	-6.123173
14	17	35	30	387.956635	12.647112
14	17	30	33	387.956635	-8.983996
14	17	33	36	387.956635	-5.332775
14	18	34	38	390.665151	-9.109627
14	18	38	42	390.665151	-6.308953
14	18	42	35	390.665151	12.862031
14	18	35	39	390.665151	-8.451084
14	18	39	43	390.665151	-5.714041
14	18	43	36	390.665151	11.732555
14	18	36	40	390.665151	-7.600980
14	18	40	37	390.665151	5.374724
14	18	37	41	390.665151	-6.808296
14	19	40	45	384.036428	-8.052416
14	19	45	50	384.036428	-4.529439
14	19	50	41	384.036428	10.660853
14	19	41	46	384.036428	-7.192249
14	19	46	42	384.036428	5.339816
14	19	42	47	384.036428	-6.313572
14	19	47	43	384.036428	4.583081
14	19	43	48	384.036428	-5.485550
14	19	48	44	384.036428	4.082916
14	19	44	49	384.036428	-4.930109
14	20	46	52	373.420329	-5.960423
14	20	52	47	373.420329	4.750155
14	20	47	53	373.420329	-5.284184
14	20	53	48	373.420329	4.167203
14	20	48	54	373.420329	-4.625943
14	20	54	49	373.420329	3.580828
14	20	49	55	373.420329	-4.241313
14	20	55	50	373.420329	3.320222
14	20	50	56	373.420329	-4.077449
14	20	51	57	375.106171	-3.983303
14	21	52	59	392.849253	-5.469175
14	21	59	53	392.849253	4.768157
14	21	53	60	392.849253	-5.338202
14	21	60	54	392.849253	4.752004
14	21	54	61	392.849253	-5.319039
14	21	61	55	392.849253	4.473477
14	21	55	62	392.849253	-5.051668
14	21	62	56	392.849253	4.086336
14	21	56	63	392.849253	-4.583950
14	21	57	64	393.430420	-4.202637
14	22	58	66	399.840047	-5.275497
14	22	66	59	399.840047	4.418260
14	22	59	67	399.840047	-4.805016
14	22	67	60	399.840047	4.104098
14	22	60	68	399.840047	-4.509439
14	22	68	61	399.840047	3.818385
14	22	61	69	399.840047	-4.163190
14	22	69	62	399.840047	3.468568
14	22	62	70	399.840047	-3.783245
14	22	63	71	393.773061	-3.435016
15	16	17	18	197.699270	-244.568379
15	16	18	19	197.699270	-69.669225
15	16	19	20	197.699270	-29.791187
15	16	20	21	197.699270	-15.127544
15	16	22	23	455.877462	-10.896416
15	16	21	22	369.414276	-15.445315
15	17	23	25	453.344279	-29.532352
15	17	25	27	453.344279	-16.508420
15	17	27	29	453.344279	-10.260106
15	17	29	24	453.344279	39.454526
15	17	24	26	453.344279	-22.047409
15	17	26	28	453.344279	-12.992306
15	17	28	30	453.344279	-7.977997
15	18	29	32	454.100118	-15.276726
15	18	32	35	454.100118	-8.296762
15	18	35	30	454.100118	17.454476
15	18	30	33	454.100118	-12.517958
15	18	33	36	454.100118	-7.212264
15	18	36	31	454.100118	14.651537
15	18	31	34	454.100118	-10.051734
15	18	34	37	454.100118	-6.670178
15	19	35	39	449.237742	-11.628112
15	19	39	43	449.237742	-7.435304
15	19	43	36	449.237742	15.510120
15	19	36	40	449.237742	-10.142722
15	19	40	44	449.237742	-6.728672
15	19	44	37	449.237742	13.839177
15	19	37	41	449.237742	-8.987440
15	19	41	38	449.237742	6.525646
15	19	38	42	449.237742	-8.330821
15	20	41	46	433.885793	-9.127352
15	20	46	51	433.885793	-5.167699
15	20	51	42	433.885793	11.922480
15	20	42	47	433.885793	-7.971287
15	20	47	43	433.885793	5.764840
15	20	43	48	433.885793	-6.891255
15	20	48	44	433.885793	5.119665
15	20	44	49	433.885793	-6.163198
15	20	49	45	433.885793	4.763419
15	20	45	50	433.885793	-5.687648
15	21	47	53	461.011180	-7.095846
15	21	53	48	461.011180	5.579935
15	21	48	54	461.011180	-6.174994
15	21	54	49	461.011180	4.771764
15	21	49	55	461.011180	-5.644941
15	21	55	50	461.011180	4.409907
15	21	50	56	461.011180	-5.407905
15	21	56	51	461.011180	4.263092
15	21	51	57	461.011180	-5.195595
15	21	52	58	456.806681	-4.840374
15	22	53	60	460.891276	-6.637381
15	22	60	54	460.891276	5.907934
15	22	54	61	460.891276	-6.596446
15	22	61	55	460.891276	5.541543
15	22	55	62	460.891276	-6.250124
15	22	62	56	460.891276	5.046379
15	22	56	63	460.891276	-5.664987
15	22	63	57	460.891276	4.541234
15	22	57	64	460.891276	-5.118443
15	22	58	65	457.221446	-4.735877
15	23	59	67	480.749471	-6.000206
15	23	67	60	480.749471	5.125621
15	23	60	68	480.749471	-5.614232
15	23	68	61	480.749471	4.749116
15	23	61	69	480.749471	-5.181148
15	23	69	62	480.749471	4.320029
15	23	62	70	480.749471	-4.700291
15	23	70	63	480.749471	3.952606
15	23	63	71	480.749471	-4.305612
15	23	64	72	476.293111	-3.889090
16	17	18	19	223.826075	-282.721537
16	17	19	20	223.826075	-75.253664
16	17	20	21	223.826075	-31.236311
16	17	21	22	223.826075	-15.263520
16	17	23	24	427.870422	-9.281141
16	17	22	23	431.449819	-15.382969
16	18	24	26	430.426565	-29.895105
16	18	26	28	430.426565	-16.412100
16	18	28	30	430.426565	-9.595980
16	18	30	25	430.426565	38.427897
16	18	25	27	430.426565	-21.541292
16	18	27	29	430.426565	-12.640998
16	18	29	31	430.426565	-7.738208
16	19	30	33	426.972605	-14.882052
16	19	33	36	426.972605	-8.164991
16	19	36	31	426.972605	16.977551
16	19	31	34	426.972605	-11.550917
16	19	34	37	426.972605	-7.723740
16	19	37	32	426.972605	14.402575
16	19	32	35	426.972605	-9.372490
16	19	35	38	426.972605	-6.896369
16	20	36	40	408.781647	-10.855324
16	20	40	44	408.781647	-7.013367
16	20	44	37	408.781647	14.605590
16	20	37	41	408.781647	-9.558498
16	20	41	45	408.781647	-6.154077
16	20	45	38	408.781647	13.070291
16	20	38	42	408.781647	-8.807049
16	20	42	39	408.781647	6.067347
16	20	39	43	408.781647	-7.819947
16	21	42	47	434.245036	-8.958453
16	21	47	52	434.245036	-5.182038
16	21	52	43	434.245036	11.644142
16	21	43	48	434.245036	-7.679267
16	21	48	44	434.245036	5.688120
16	21	44	49	434.245036	-6.839301
16	21	49	45	434.245036	5.271367
16	21	45	50	434.245036	-6.286945
16	21	50	46	434.245036	4.747438
16	21	46	51	434.245036	-5.689376
16	22	48	54	437.226044	-6.360893
16	22	54	49	437.226044	4.911203
16	22	49	55	437.226044	-5.770090
16	22	55	50	437.226044	4.482986
16	22	50	56	437.226044	-5.488573
16	22	56	51	437.226044	4.308527
16	22	51	57	437.226044	-5.254638
16	22	57	52	437.226044	4.181864
16	22	52	58	437.226044	-4.939284
16	22	53	59	431.857391	-4.899052
16	23	54	61	451.536184	-6.829243
16	23	61	55	451.536184	5.739159
16	23	55	62	451.536184	-6.447318
16	23	62	56	451.536184	5.203508
16	23	56	63	451.536184	-5.832147
16	23	63	57	451.536184	4.670875
16	23	57	64	451.536184	-5.257973
16	23	64	58	451.536184	4.323582
16	23	58	65	451.536184	-4.893255
16	23	59	66	451.751597	-4.640134
16	24	60	68	452.878092	-5.515898
16	24	68	61	452.878092	4.677250
16	24	61	69	452.878092	-5.074165
16	24	69	62	452.878092	4.224449
16	24	62	70	452.878092	-4.591304
16	24	70	63	452.878092	3.862433
16	24	63	71	452.878092	-4.205846
16	24	71	64	452.878092	3.521497
16	24	64	72	452.878092	-3.831990
17	18	19	20	245.657679	-328.584958
17	18	20	21	245.657679	-85.057251
17	18	21	22	245.657679	-34.221296
17	18	22	23	245.657679	-15.719866
17	18	24	25	429.156667	-10.583802
17	18	23	24	431.619670	-15.338608
17	19	25	27	426.431793	-31.747178
17	19	27	29	426.431793	-17.836336
17	19	29	31	426.431793	-10.251235
17	19	31	26	426.431793	41.213720
17	19	26	28	426.431793	-23.624918
17	19	28	30	426.431793	-13.009915
17	19	30	32	426.431793	-8.212148
17	20	31	34	407.978709	-14.326799
17	20	34	37	407.978709	-8.735156
17	20	37	32	407.978709	17.216094
17	20	32	35	407.978709	-11.591313
17	20	35	38	407.978709	-7.757066
17	20	38	33	407.978709	14.534330
17	20	33	36	407.978709	-9.755639
17	20	36	39	407.978709	-7.002725
17	21	37	41	435.291748	-11.954258
17	21	41	45	435.291748	-7.491643
17	21	45	38	435.291748	16.112186
17	21	38	42	435.291748	-10.930436
17	21	42	46	435.291748	-6.491610
17	21	46	39	435.291748	13.989734
17	21	39	43	435.291748	-9.641145
17	21	43	40	435.291748	6.904355
17	21	40	44	435.291748	-8.608176
17	22	43	48	435.761261	-8.611752
17	22	48	53	435.761261	-4.972991
17	22	53	44	435.761261	11.341202
17	22	44	49	435.761261	-7.613425
17	22	49	45	435.761261	5.856836
17	22	45	50	435.761261	-6.969131
17	22	50	46	435.761261	5.248191
17	22	46	51	435.761261	-6.275156
17	22	51	47	435.761261	4.776506
17	22	47	52	435.761261	-5.732457
17	23	49	55	450.607442	-6.421725
17	23	55	50	450.607442	4.999095
17	23	50	56	450.607442	-6.078916
17	23	56	51	450.607442	4.767989
17	23	51	57	450.607442	-5.798724
17	23	57	52	450.607442	4.589517
17	23	52	58	450.607442	-5.417366
17	23	58	53	450.607442	4.604648
17	23	53	59	450.607442	-5.411622
17	23	54	60	450.741618	-5.435775
17	24	55	62	451.441925	-6.836705
17	24	62	56	451.441925	5.513689
17	24	56	63	451.441925	-6.147448
17	24	63	57	451.441925	4.915199
17	24	57	64	451.441925	-5.529199
17	24	64	58	451.441925	4.543906
17	24	58	65	451.441925	-5.139218
17	24	65	59	451.441925	4.177369
17	24	59	66	451.441925	-4.807097
17	24	60	67	448.909983	-4.496555
17	25	61	69	431.377319	-5.137252
17	25	69	62	431.377319	4.279498
17	25	62	70	431.377319	-4.640372
17	25	70	63	431.377319	3.896817
17	25	63	71	431.377319	-4.240237
17	25	71	64	431.377319	3.549750
17	25	64	72	431.377319	-3.863575
18	19	20	21	244.810247	-338.996702
18	19	21	22	244.810247	-86.146102
18	19	22	23	244.810247	-31.843605
18	19	23	24	244.810247	-15.552811
18	19	25	26	419.797994	-11.163654
18	19	24	25	375.303040	-15.199046
18	20	26	28	408.730428	-32.854672
18	20	28	30	408.730428	-16.964458
18	20	30	32	408.730428	-10.128065
18	20	32	27	408.730428	41.118868
18	20	27	29	408.730428	-23.666743
18	20	29	31	408.730428	-13.123688
18	20	31	33	408.730428	-8.026593
18	21	32	35	431.813985	-15.158019
18	21	35	38	431.813985	-9.730620
18	21	38	33	431.813985	18.560457
18	21	33	36	431.813985	-12.527463
18	21	36	39	431.813985	-8.798839
18	21	39	34	431.813985	16.631660
18	21	34	37	431.813985	-11.181472
18	21	37	40	431.813985	-7.643094
18	22	38	42	432.545380	-12.445696
18	22	42	46	432.545380	-7.153104
18	22	46	39	432.545380	15.666566
18	22	39	43	432.545380	-10.874769
18	22	43	47	432.545380	-6.043070
18	22	47	40	432.545380	13.803516
18	22	40	44	432.545380	-9.647371
18	22	44	41	432.545380	6.883907
18	22	41	45	432.545380	-8.358160
18	23	44	49	451.177846	-8.639571
18	23	49	54	451.177846	-4.684291
18	23	54	45	451.177846	11.315543
18	23	45	50	451.177846	-7.843630
18	23	50	46	451.177846	5.895729
18	23	46	51	451.177846	-7.035420
18	23	51	47	451.177846	5.340511
18	23	47	52	451.177846	-6.391254
18	23	52	48	451.177846	4.845543
18	23	48	53	451.177846	-5.545599
18	24	50	56	450.205048	-6.484594
18	24	56	51	450.205048	5.077664
18	24	51	57	450.205048	-6.149299
18	24	57	52	450.205048	4.855701
18	24	52	58	450.205048	-5.724346
18	24	58	53	450.205048	4.860584
18	24	53	59	450.205048	-5.707183
18	24	59	54	450.205048	4.994855
18	24	54	60	450.205048	-5.684307
18	24	55	61	446.052612	-5.295223
18	25	56	63	428.414195	-6.216965
18	25	63	57	428.414195	4.970988
18	25	57	64	428.414195	-5.570035
18	25	64	58	428.414195	4.566898
18	25	58	65	428.414195	-5.162956
18	25	65	59	428.414195	4.197316
18	25	59	66	428.414195	-4.825626
18	25	66	60	428.414195	4.032027
18	25	60	67	428.414195	-4.520055
18	25	61	68	430.271250	-4.229300
18	26	62	70	456.411041	-5.184233
18	26	70	63	456.411041	4.351082
18	26	63	71	456.411041	-4.720809
18	26	71	64	456.411041	3.952619
18	26	64	72	456.411041	-4.293996
19	20	21	22	229.167353	-303.382237
19	20	22	23	229.167353	-70.903504
19	20	23	24	229.167353	-27.682465
19	20	24	25	229.167353	-15.543506
19	20	26	27	399.954142	-11.173102
19	20	25	26	369.962748	-15.312092
19	21	27	29	427.508382	-33.724017
19	21	29	31	427.508382	-18.109698
19	21	31	33	427.508382	-10.365816
19	21	33	28	427.508382	41.813724
19	21	28	30	427.508382	-23.709738
19	21	30	32	427.508382	-13.495476
19	21	32	34	427.508382	-8.246050
19	22	33	36	426.808797	-14.817205
19	22	36	39	426.808797	-9.981332
19	22	39	34	426.808797	18.961263
19	22	34	37	426.808797	-12.797008
19	22	37	40	426.808797	-8.617054
19	22	40	35	426.808797	16.874464
19	22	35	38	426.808797	-11.304362
19	22	38	41	426.808797	-7.727124
19	23	39	43	442.207804	-12.440051
19	23	43	47	442.207804	-6.720680
19	23	47	40	442.207804	15.565035
19	23	40	44	442.207804	-10.940350
19	23	44	48	442.207804	-5.885146
19	23	48	41	442.207804	13.661943
19	23	41	45	442.207804	-9.425804
19	23	45	42	442.207804	6.466801
19	23	42	46	442.207804	-8.059876
19	24	45	50	440.911143	-8.292280
19	24	50	55	440.911143	-4.415883
19	24	55	46	440.911143	10.636432
19	24	46	51	440.911143	-7.379592
19	24	51	47	440.911143	5.587511
19	24	47	52	440.911143	-6.674768
19	24	52	48	440.911143	5.046672
19	24	48	53	440.911143	-5.766254
19	24	53	49	440.911143	4.277345
19	24	49	54	440.911143	-4.871111
19	25	51	57	421.061951	-6.164312
19	25	57	52	421.061951	4.852020
19	25	52	58	421.061951	-5.695987
19	25	58	53	421.061951	4.833298
19	25	53	59	421.061951	-5.661113
19	25	59	54	421.061951	4.951410
19	25	54	60	421.061951	-5.633925
19	25	60	55	421.061951	4.614190
19	25	55	61	421.061951	-5.270117
19	25	56	62	422.552907	-4.810300
19	26	57	64	444.908427	-6.138428
19	26	64	58	444.908427	5.034540
19	26	58	65	444.908427	-5.658201
19	26	65	59	444.908427	4.588411
19	26	59	66	444.908427	-5.274188
19	26	66	60	444.908427	4.400466
19	26	60	67	444.908427	-4.928357
19	26	67	61	444.908427	4.095688
19	26	61	68	444.908427	-4.570985
19	26	62	69	446.504303	-4.166368
19	27	63	71	458.861511	-4.973628
19	27	71	64	458.861511	4.162744
19	27	64	72	458.861511	-4.509716
20	21	22	23	238.067067	-269.494172
20	21	23	24	238.067067	-65.110812
20	21	24	25	238.067067	-28.658369
20	21	25	26	238.067067	-15.543616
20	21	27	28	410.713593	-11.594729
20	21	26	27	377.489237	-15.557727
20	22	28	30	417.080556	-31.442546
20	22	30	32	417.080556	-16.850095
20	22	32	34	417.080556	-9.356627
20	22	34	29	417.080556	39.292508
20	22	29	31	417.080556	-22.816749
20	22	31	33	417.080556	-12.541425
20	22	33	35	417.080556	-7.124265
20	23	34	37	426.814850	-15.394032
20	23	37	40	426.814850	-9.660468
20	23	40	35	426.814850	19.404074
20	23	35	38	426.814850	-13.147377
20	23	38	41	426.814850	-8.666813
20	23	41	36	426.814850	16.635989
20	23	36	39	426.814850	-11.484689
20	23	39	42	426.814850	-7.397828
20	24	40	44	428.845540	-11.843207
20	24	44	48	428.845540	-6.093747
20	24	48	41	428.845540	14.494276
20	24	41	45	428.845540	-10.075465
20	24	45	49	428.845540	-5.607008
20	24	49	42	428.845540	12.482645
20	24	42	46	428.845540	-8.546920
20	24	46	43	428.845540	5.659457
20	24	43	47	428.845540	-7.096359
20	25	46	51	413.963562	-7.634181
20	25	51	56	413.963562	-4.230093
20	25	56	47	413.963562	9.998616
20	25	47	52	413.963562	-6.843759
20	25	52	48	413.963562	5.160945
20	25	48	53	413.963562	-5.890131
20	25	53	49	413.963562	4.359299
20	25	49	54	413.963562	-4.955216
20	25	54	50	413.963562	3.631906
20	25	50	55	413.963562	-4.490592
20	26	52	58	433.972758	-6.305747
20	26	58	53	433.972758	5.338868
20	26	53	59	433.972758	-6.222737
20	26	59	54	433.972758	5.436571
20	26	54	60	433.972758	-6.181609
20	26	60	55	433.972758	5.051057
20	26	55	61	433.972758	-5.764752
20	26	61	56	433.972758	4.487871
20	26	56	62	433.972758	-5.201960
20	26	57	63	430.096100	-4.634387
20	27	58	65	438.721364	-5.887123
20	27	65	59	438.721364	4.765410
20	27	59	66	438.721364	-5.445990
20	27	66	60	438.721364	4.545403
20	27	60	67	438.721364	-5.085206
20	27	67	61	438.721364	4.210532
20	27	61	68	438.721364	-4.695931
20	27	68	62	438.721364	3.830392
20	27	62	69	438.721364	-4.248154
20	27	63	70	440.020884	-3.918141
20	28	64	72	446.978363	-4.672151
21	22	23	24	235.054596	-264.512716
21	22	24	25	235.054596	-65.345780
21	22	25	26	235.054596	-28.258267
21	22	26	27	235.054596	-15.522376
21	22	28	29	436.650085	-11.459846
21	22	27	28	359.127920	-15.159220
21	23	29	31	452.645091	-32.845556
21	23	31	33	452.645091	-17.181741
21	23	33	35	452.645091	-9.625538
21	23	35	30	452.645091	40.767818
21	23	30	32	452.645091	-23.754812
21	23	32	34	452.645091	-12.622942
21	23	34	36	452.645091	-8.300184
21	24	35	38	452.586416	-16.372676
21	24	38	41	452.586416	-10.402965
21	24	41	36	452.586416	20.280849
21	24	36	39	452.586416	-14.114346
21	24	39	42	452.586416	-8.820967
21	24	42	37	452.586416	17.386451
21	24	37	40	452.586416	-11.868325
21	24	40	43	452.586416	-7.914090
21	25	41	45	432.173472	-11.672162
21	25	45	49	432.173472	-6.280537
21	25	49	42	432.173472	14.210358
21	25	42	46	432.173472	-9.805281
21	25	46	50	432.173472	-5.541746
21	25	50	43	432.173472	11.997527
21	25	43	47	432.173472	-8.074272
21	25	47	44	432.173472	5.495665
21	25	44	48	432.173472	-6.953698
21	26	47	52	457.901438	-8.359039
21	26	52	57	457.901438	-4.798611
21	26	57	48	457.901438	11.083986
21	26	48	53	457.901438	-7.143464
21	26	53	49	457.901438	5.267959
21	26	49	54	457.901438	-5.977952
21	26	54	50	457.901438	4.370587
21	26	50	55	457.901438	-5.388527
21	26	55	51	457.901438	3.929329
21	26	51	56	457.901438	-5.077067
21	27	53	59	463.720713	-7.136527
21	27	59	54	463.720713	6.230574
21	27	54	60	463.720713	-7.062421
21	27	60	55	463.720713	5.765133
21	27	55	61	463.720713	-6.561581
21	27	61	56	463.720713	5.098674
21	27	56	62	463.720713	-5.911236
21	27	62	57	463.720713	4.565358
21	27	57	63	463.720713	-5.254733
21	27	58	64	465.391347	-4.860369
21	28	59	66	470.967845	-6.317893
21	28	66	60	470.967845	5.271267
21	28	60	67	470.967845	-5.853053
21	28	67	61	470.967845	4.848700
21	28	61	68	470.967845	-5.401464
21	28	68	62	470.967845	4.405594
21	28	62	69	470.967845	-4.886221
21	28	69	63	470.967845	4.025880
21	28	63	70	470.967845	-4.431162
21	28	64	71	466.417267	-3.988889
22	23	24	25	123.171013	-129.655969
22	23	25	26	123.171013	-33.693650
22	23	26	27	123.171013	-14.987012
22	23	29	30	450.558614	-11.175511
22	23	27	28	358.278310	-24.615166
22	23	28	29	358.278310	-14.135380
22	24	30	32	451.956207	-32.168369
22	24	32	34	451.956207	-16.226025
22	24	34	36	451.956207	-10.091790
22	24	36	31	451.956207	39.218714
22	24	31	33	451.956207	-22.500898
22	24	33	35	451.956207	-12.177558
22	24	35	37	451.956207	-8.535205
22	25	36	39	431.384806	-16.572624
22	25	39	42	431.384806	-10.003610
22	25	42	37	431.384806	20.022577
22	25	37	40	431.384806	-13.780852
22	25	40	43	431.384806	-8.905712
22	25	43	38	431.384806	17.643844
22	25	38	41	431.384806	-11.991159
22	25	41	44	431.384806	-7.694508
22	26	42	46	456.669576	-12.016270
22	26	46	50	456.669576	-6.550021
22	26	50	43	456.669576	14.422214
22	26	43	47	456.669576	-9.785995
22	26	47	51	456.669576	-5.848380
22	26	51	44	456.669576	12.472704
22	26	44	48	456.669576	-8.364281
22	26	48	45	456.669576	5.958296
22	26	45	49	456.669576	-7.518063
22	27	48	53	463.061900	-8.031596
22	27	53	58	463.061900	-5.208564
22	27	58	49	463.061900	11.116435
22	27	49	54	463.061900	-6.663043
22	27	54	50	463.061900	4.855630
22	27	50	55	463.061900	-5.974832
22	27	55	51	463.061900	4.344595
22	27	51	56	463.061900	-5.600178
22	27	56	52	463.061900	4.117554
22	27	52	57	463.061900	-5.273547
22	28	54	60	468.540944	-7.833192
22	28	60	55	468.540944	6.395587
22	28	55	61	468.540944	-7.249809
22	28	61	56	468.540944	5.628552
22	28	56	62	468.540944	-6.508142
22	28	62	57	468.540944	5.014457
22	28	57	63	468.540944	-5.766990
22	28	63	58	468.540944	4.591949
22	28	58	64	468.540944	-5.289613
22	28	59	65	465.726664	-4.777720
22	29	60	67	462.824961	-6.183350
22	29	67	61	462.824961	5.106767
22	29	61	68	462.824961	-5.662557
22	29	68	62	462.824961	4.609409
22	29	62	69	462.824961	-5.105741
22	29	69	63	462.824961	4.198578
22	29	63	70	462.824961	-4.631412
22	29	70	64	462.824961	3.806693
22	29	64	71	462.824961	-4.203693
22	29	65	72	458.152222	-3.739899
23	24	25	26	117.712217	-115.999396
23	24	26	27	117.712217	-32.144262
23	24	27	28	117.712217	-14.955729
23	24	30	31	470.824066	-11.857421
23	24	28	29	382.527578	-24.327488
23	24	29	30	382.527578	-14.315422
23	25	31	33	448.579305	-32.148311
23	25	33	35	448.579305	-16.384497
23	25	35	37	448.579305	-11.248085
23	25	37	32	448.579305	40.675990
23	25	32	34	448.579305	-22.250243
23	25	34	36	448.579305	-13.363177
23	25	36	38	448.579305	-8.896344
23	26	37	40	475.308248	-18.877442
23	26	40	43	475.308248	-11.753825
23	26	43	38	475.308248	23.638598
23	26	38	41	475.308248	-16.210739
23	26	41	44	475.308248	-10.075772
23	26	44	39	475.308248	19.517271
23	26	39	42	475.308248	-13.385307
23	26	42	45	475.308248	-8.140230
23	27	43	47	483.429250	-12.069120
23	27	47	51	483.429250	-6.971440
23	27	51	44	483.429250	15.108885
23	27	44	48	483.429250	-10.207196
23	27	48	52	483.429250	-6.203118
23	27	52	45	483.429250	13.444658
23	27	45	49	483.429250	-9.113166
23	27	49	46	483.429250	6.321087
23	27	46	50	483.429250	-7.913678
23	28	49	54	486.148733	-7.954708
23	28	54	59	486.148733	-6.175042
23	28	59	50	486.148733	11.955261
23	28	50	55	486.148733	-7.064334
23	28	55	51	486.148733	5.112564
23	28	51	56	486.148733	-6.575145
23	28	56	52	486.148733	4.815106
23	28	52	57	486.148733	-6.157161
23	28	57	53	486.148733	5.019791
23	28	53	58	486.148733	-6.082864
23	29	55	61	476.779032	-8.050926
23	29	61	56	476.779032	6.238449
23	29	56	62	476.779032	-7.187901
23	29	62	57	476.779032	5.527940
23	29	57	63	476.779032	-6.356996
23	29	63	58	476.779032	5.044243
23	29	58	64	476.779032	-5.808335
23	29	64	59	476.779032	4.550188
23	29	59	65	476.779032	-5.285557
23	29	60	66	476.667277	-5.062202
23	30	61	68	469.453990	-6.220985
23	30	68	62	469.453990	5.059009
23	30	62	69	469.453990	-5.585876
23	30	69	63	469.453990	4.597896
23	30	63	70	469.453990	-5.063843
23	30	70	64	469.453990	4.148277
23	30	64	71	469.453990	-4.581628
23	30	71	65	469.453990	3.702395
23	30	65	72	469.453990	-4.091851
24	25	26	27	116.037292	-126.129910
24	25	27	28	116.037292	-36.944650
24	25	28	29	116.037292	-15.039933
24	25	31	32	446.970235	-11.822248
24	25	29	30	345.965993	-23.405756
24	25	30	31	345.965993	-14.044639
24	26	32	34	477.030894	-34.145982
24	26	34	36	477.030894	-19.042544
24	26	36	38	477.030894	-12.358826
24	26	38	33	477.030894	45.073569
24	26	33	35	477.030894	-23.942409
24	26	35	37	477.030894	-15.867425
24	26	37	39	477.030894	-10.326153
24	27	38	41	486.015615	-20.631764
24	27	41	44	486.015615	-12.373042
24	27	44	39	486.015615	24.293513
24	27	39	42	486.015615	-16.794636
24	27	42	45	486.015615	-9.918579
24	27	45	40	486.015615	20.247400
24	27	40	43	486.015615	-14.603268
24	27	43	46	486.015615	-7.918368
24	28	44	48	488.318441	-12.286160
24	28	48	52	488.318441	-7.224656
24	28	52	45	488.318441	15.906388
24	28	45	49	488.318441	-10.868307
24	28	49	53	488.318441	-6.004915
24	28	53	46	488.318441	13.511170
24	28	46	50	488.318441	-9.371515
24	28	50	47	488.318441	6.554583
24	28	47	51	488.318441	-8.223547
24	29	50	55	478.225413	-7.837366
24	29	55	60	478.225413	-6.172938
24	29	60	51	478.225413	11.826818
24	29	51	56	478.225413	-7.228892
24	29	56	52	478.225413	5.267089
24	29	52	57	478.225413	-6.725859
24	29	57	53	478.225413	5.474251
24	29	53	58	478.225413	-6.622020
24	29	58	54	478.225413	5.619048
24	29	54	59	478.225413	-6.725913
24	30	56	62	470.393951	-7.798956
24	30	62	57	470.393951	5.987818
24	30	57	63	470.393951	-6.857982
24	30	63	58	470.393951	5.441481
24	30	58	64	470.393951	-6.258386
24	30	64	59	470.393951	4.889386
24	30	59	65	470.393951	-5.668486
24	30	65	60	470.393951	4.576610
24	30	60	66	470.393951	-5.403643
24	30	61	67	466.693370	-4.958305
24	31	62	69	455.280111	-5.873642
24	31	69	63	455.280111	4.823241
24	31	63	70	455.280111	-5.307936
24	31	70	64	455.280111	4.344927
24	31	64	71	455.280111	-4.792232
24	31	71	65	455.280111	3.874037
24	31	65	72	455.280111	-4.280979
25	26	27	28	117.014971	-143.423293
25	26	28	29	117.014971	-36.034617
25	26	29	30	117.014971	-15.079637
25	26	32	33	452.501180	-11.860745
25	26	30	31	358.419698	-24.458691
25	26	31	32	358.419698	-14.089158
25	27	33	35	458.041758	-31.919889
25	27	35	37	458.041758	-19.833063
25	27	37	39	458.041758	-12.417746
25	27	39	34	458.041758	45.906976
25	27	34	36	458.041758	-24.662776
25	27	36	38	458.041758	-15.228126
25	27	38	40	458.041758	-10.479272
25	28	39	42	465.526764	-20.198203
25	28	42	45	465.526764	-11.468389
25	28	45	40	465.526764	23.803840
25	28	40	43	465.526764	-17.302133
25	28	43	46	465.526764	-9.082955
25	28	46	41	465.526764	19.860282
25	28	41	44	465.526764	-14.505001
25	28	44	47	465.526764	-7.507149
25	29	45	49	459.066213	-11.870906
25	29	49	53	459.066213	-6.326707
25	29	53	46	459.066213	14.488200
25	29	46	50	459.066213	-10.121863
25	29	50	54	459.066213	-5.171921
25	29	54	47	459.066213	12.217988
25	29	47	51	459.066213	-8.817000
25	29	51	48	459.066213	6.129471
25	29	48	52	459.066213	-7.714369
25	30	51	56	449.454112	-7.564110
25	30	56	61	449.454112	-5.565525
25	30	61	52	449.454112	11.055694
25	30	52	57	449.454112	-6.978337
25	30	57	53	449.454112	5.661342
25	30	53	58	449.454112	-6.837243
25	30	58	54	449.454112	5.795059
25	30	54	59	449.454112	-6.922928
25	30	59	55	449.454112	5.448661
25	30	55	60	449.454112	-6.355615
25	31	57	63	436.455760	-6.948944
25	31	63	58	436.455760	5.500910
25	31	58	64	436.455760	-6.298690
25	31	64	59	436.455760	4.919333
25	31	59	65	436.455760	-5.704522
25	31	65	60	436.455760	4.590181
25	31	60	66	436.455760	-5.413273
25	31	66	61	436.455760	4.358906
25	31	61	67	436.455760	-4.991012
25	31	62	68	437.852010	-4.532045
25	32	63	70	431.555684	-5.408707
25	32	70	64	431.555684	4.429057
25	32	64	71	431.555684	-4.878318
25	32	71	65	431.555684	3.942157
25	32	65	72	431.555684	-4.348355
26	27	28	29	114.496529	-139.179684
26	27	29	30	114.496529	-36.092846
26	27	30	31	114.496529	-15.065650
26	27	33	34	485.700419	-11.358299
26	27	31	32	359.880046	-23.424635
26	27	32	33	359.880046	-14.174131
26	28	34	36	492.709279	-39.028976
26	28	36	38	492.709279	-22.301679
26	28	38	40	492.709279	-14.698006
26	28	40	35	492.709279	53.982497
26	28	35	37	492.709279	-30.057734
26	28	37	39	492.709279	-17.753901
26	28	39	41	492.709279	-11.261102
26	29	40	43	484.000712	-22.235351
26	29	43	46	484.000712	-11.228105
26	29	46	41	484.000712	24.972840
26	29	41	44	484.000712	-18.383536
26	29	44	47	484.000712	-9.199740
26	29	47	42	484.000712	20.176607
26	29	42	45	484.000712	-14.405772
26	29	45	48	484.000712	-8.041069
26	30	46	50	471.165609	-12.071374
26	30	50	54	471.165609	-5.970897
26	30	54	47	471.165609	14.337679
26	30	47	51	471.165609	-10.417277
26	30	51	55	471.165609	-5.216744
26	30	55	48	471.165609	12.426872
26	30	48	52	471.165609	-9.048386
26	30	52	49	471.165609	6.240965
26	30	49	53	471.165609	-7.403257
26	31	52	57	457.286438	-7.908724
26	31	57	62	457.286438	-5.487961
26	31	62	53	457.286438	11.888881
26	31	53	58	457.286438	-7.709019
26	31	58	54	457.286438	6.524482
26	31	54	59	457.286438	-7.778274
26	31	59	55	457.286438	6.113738
26	31	55	60	457.286438	-7.124530
26	31	60	56	457.286438	5.270852
26	31	56	61	457.286438	-6.229639
26	32	58	64	447.575551	-6.984150
26	32	64	59	447.575551	5.443563
26	32	59	65	447.575551	-6.295532
26	32	65	60	447.575551	5.061639
26	32	60	66	447.575551	-5.964720
26	32	66	61	447.575551	4.793938
26	32	61	67	447.575551	-5.483908
26	32	67	62	447.575551	4.332172
26	32	62	68	447.575551	-4.945610
26	32	63	69	450.593323	-4.543038
26	33	64	71	436.968099	-5.262584
26	33	71	65	436.968099	4.242970
26	33	65	72	436.968099	-4.680025
27	28	29	30	110.389898	-147.925377
27	28	30	31	110.389898	-38.295117
27	28	31	32	110.389898	-15.090435
27	28	34	35	498.703339	-13.573118
27	28	32	33	365.110586	-25.706584
27	28	33	34	365.110586	-14.256928
27	29	35	37	492.372406	-42.848444
27	29	37	39	492.372406	-23.578786
27	29	39	41	492.372406	-14.383487
27	29	41	36	492.372406	56.093373
27	29	36	38	492.372406	-30.504308
27	29	38	40	492.372406	-19.146948
27	29	40	42	492.372406	-12.036889
27	30	41	44	477.974284	-22.533151
27	30	44	47	477.974284	-10.827256
27	30	47	42	477.974284	24.178248
27	30	42	45	477.974284	-17.407131
27	30	45	48	477.974284	-9.396628
27	30	48	43	477.974284	19.079303
27	30	43	46	477.974284	-13.406226
27	30	46	49	477.974284	-7.965211
27	31	47	51	467.179606	-12.045081
27	31	51	55	467.179606	-5.827099
27	31	55	48	467.179606	14.130434
27	31	48	52	467.179606	-10.374194
27	31	52	56	467.179606	-5.346975
27	31	56	49	467.179606	12.468136
27	31	49	53	467.179606	-8.426427
27	31	53	50	467.179606	5.735883
27	31	50	54	467.179606	-6.757192
27	32	53	58	454.769318	-8.457771
27	32	58	63	454.769318	-5.367910
27	32	63	54	454.769318	12.514115
27	32	54	59	454.769318	-8.502738
27	32	59	55	454.769318	6.664242
27	32	55	60	454.769318	-7.758520
27	32	60	56	454.769318	5.727525
27	32	56	61	454.769318	-6.760891
27	32	61	57	454.769318	4.919654
27	32	57	62	454.769318	-5.940043
27	33	59	65	440.251587	-6.702449
27	33	65	60	440.251587	5.379956
27	33	60	66	440.251587	-6.335788
27	33	66	61	440.251587	5.088123
27	33	61	67	440.251587	-5.815264
27	33	67	62	440.251587	4.585335
27	33	62	68	440.251587	-5.231671
27	33	68	63	440.251587	4.192728
27	33	63	69	440.251587	-4.741672
27	33	64	70	442.960398	-4.282948
27	34	65	72	452.442169	-5.085867
28	29	30	31	112.948463	-153.348104
28	29	31	32	112.948463	-36.414127
28	29	32	33	112.948463	-15.062629
28	29	35	36	491.955098	-14.663132
28	29	33	34	359.451202	-23.399040
28	29	34	35	359.451202	-14.405155
28	30	36	38	483.129161	-41.600171
28	30	38	40	483.129161	-24.500616
28	30	40	42	483.129161	-14.765040
28	30	42	37	483.129161	55.850439
28	30	37	39	483.129161	-31.076027
28	30	39	41	483.129161	-17.979620
28	30	41	43	483.129161	-12.472468
28	31	42	45	468.431559	-20.979168
28	31	45	48	468.431559	-10.897865
28	31	48	43	468.431559	22.462314
28	31	43	46	468.431559	-15.917107
28	31	46	49	468.431559	-9.150479
28	31	49	44	468.431559	18.344589
28	31	44	47	468.431559	-12.724743
28	31	47	50	468.431559	-7.765326
28	32	48	52	463.107768	-11.728468
28	32	52	56	463.107768	-5.844383
28	32	56	49	463.107768	13.860031
28	32	49	53	463.107768	-9.452992
28	32	53	57	463.107768	-5.966046
28	32	57	50	463.107768	12.378261
28	32	50	54	463.107768	-7.529686
28	32	54	51	463.107768	4.881257
28	32	51	55	463.107768	-6.443205
28	33	54	59	444.756775	-9.065633
28	33	59	64	444.756775	-5.036409
28	33	64	55	444.756775	12.129786
28	33	55	60	444.756775	-8.242883
28	33	60	56	444.756775	6.065753
28	33	56	61	444.756775	-7.155494
28	33	61	57	444.756775	5.195889
28	33	57	62	444.756775	-6.261080
28	33	62	58	444.756775	4.742956
28	33	58	63	444.756775	-5.647893
28	34	60	66	452.261261	-6.827802
28	34	66	61	452.261261	5.470173
28	34	61	67	452.261261	-6.246112
28	34	67	62	452.261261	4.917333
28	34	62	68	452.261261	-5.606677
28	34	68	63	452.261261	4.486401
28	34	63	69	452.261261	-5.069573
28	34	69	64	452.261261	4.042924
28	34	64	70	452.261261	-4.552734
28	34	65	71	455.859399	-4.071683
29	30	31	32	45.782806	-60.294519
29	30	32	33	45.782806	-15.043971
29	30	36	37	474.091410	-14.686257
29	30	33	34	325.458211	-40.876849
29	30	34	35	325.458211	-22.444761
29	30	35	36	325.458211	-14.768641
29	31	37	39	461.815918	-42.099514
29	31	39	41	461.815918	-22.849314
29	31	41	43	461.815918	-15.218757
29	31	43	38	461.815918	57.318984
29	31	38	40	461.815918	-32.096720
29	31	40	42	461.815918	-18.359736
29	31	42	44	461.815918	-11.732846
29	32	43	46	452.827627	-18.700564
29	32	46	49	452.827627	-10.345638
29	32	49	44	452.827627	21.061216
29	32	44	47	452.827627	-14.743203
29	32	47	50	452.827627	-8.708408
29	32	50	45	452.827627	17.795538
29	32	45	48	452.827627	-12.489759
29	32	48	51	452.827627	-7.374863
29	33	49	53	438.365387	-10.202395
29	33	53	57	438.365387	-6.220691
29	33	57	50	438.365387	13.102184
29	33	50	54	438.365387	-8.058676
29	33	54	58	438.365387	-6.293769
29	33	58	51	438.365387	11.491981
29	33	51	55	438.365387	-6.828274
29	33	55	52	438.365387	4.340898
29	33	52	56	438.365387	-6.140450
29	35	66	72	445.675334	-3.587694
30	31	32	33	47.075191	-66.170688
30	31	33	34	47.075191	-14.955123
30	31	37	38	493.219462	-14.552289
30	31	34	35	304.708761	-41.174702
30	31	35	36	304.708761	-23.937917
30	31	36	37	304.708761	-14.777358
30	32	38	40	479.565674	-46.073639
30	32	40	42	479.565674	-24.693995
30	32	42	44	479.565674	-15.137854
30	32	44	39	479.565674	57.841726
30	32	39	41	479.565674	-31.614389
30	32	41	43	479.565674	-20.015951
30	32	43	45	479.565674	-10.590101
30	33	44	47	464.016134	-18.178307
30	33	47	50	464.016134	-10.356261
30	33	50	45	464.016134	21.482868
30	33	45	48	464.016134	-15.196913
30	33	48	51	464.016134	-8.704819
30	33	51	46	464.016134	17.684763
30	33	46	49	464.016134	-12.451764
30	33	49	52	464.016134	-7.326997
30	34	50	54	441.549316	-8.939623
30	34	54	58	441.549316	-6.757466
30	34	58	51	441.549316	12.491667
30	34	51	55	441.549316	-7.492904
30	34	55	59	441.549316	-6.258893
30	34	59	52	441.549316	10.987563
30	34	52	56	441.549316	-6.665117
30	34	56	53	441.549316	4.981699
30	34	53	57	441.549316	-6.712425
30	35	56	61	402.734639	-7.477131
30	35	61	66	402.734639	-4.472515
30	35	66	57	402.734639	9.871177
30	35	57	62	402.734639	-6.491925
30	35	62	58	402.734639	4.902155
30	35	58	63	402.734639	-5.822841
30	35	63	59	402.734639	4.316808
30	35	59	64	402.734639	-5.153835
30	35	64	60	402.734639	3.967133
30	35	60	65	402.734639	-4.759379
30	36	62	68	443.944631	-6.446637
30	36	68	63	443.944631	5.148269
30	36	63	69	443.944631	-5.807009
30	36	69	64	443.944631	4.622809
30	36	64	70	443.944631	-5.189538
30	36	70	65	443.944631	4.070962
30	36	65	71	443.944631	-4.594049
30	36	71	66	443.944631	3.425099
30	36	66	72	443.944631	-3.886731
31	32	33	34	45.575935	-58.746187
31	32	34	35	45.575935	-15.045810
31	32	38	39	431.290324	-14.749916
31	32	35	36	340.472961	-50.068079
31	32	36	37	340.472961	-26.807817
31	32	37	38	340.472961	-14.902799
31	33	39	41	422.622243	-37.978649
31	33	41	43	422.622243	-22.535731
31	33	43	45	422.622243	-11.414351
31	33	45	40	422.622243	49.963906
31	33	40	42	422.622243	-28.640020
31	33	42	44	422.622243	-16.657771
31	33	44	46	422.622243	-8.743088
31	34	45	48	432.312581	-16.265987
31	34	48	51	432.312581	-8.965876
31	34	51	46	432.312581	18.513100
31	34	46	49	432.312581	-13.143075
31	34	49	52	432.312581	-7.506241
31	34	52	47	432.312581	15.427465
31	34	47	50	432.312581	-10.820366
31	34	50	53	432.312581	-5.888730
31	35	51	55	395.673584	-7.521503
31	35	55	59	395.673584	-6.074676
31	35	59	52	395.673584	10.791674
31	35	52	56	395.673584	-6.610421
31	35	56	60	395.673584	-5.156770
31	35	60	53	395.673584	10.068748
31	35	53	57	395.673584	-6.599067
31	35	57	54	395.673584	5.325723
31	35	54	58	395.673584	-6.618998
31	37	63	69	385.266337	-5.550064
31	37	69	64	385.266337	4.394657
31	37	64	70	385.266337	-4.946637
31	37	70	65	385.266337	3.872962
31	37	65	71	385.266337	-4.374245
31	37	71	66	385.266337	3.300655
31	37	66	72	385.266337	-3.736324
32	33	34	35	44.674215	-62.443502
32	33	35	36	44.674215	-16.051055
32	33	36	37	293.148122	-43.813875
32	33	37	38	293.148122	-21.035645
32	33	38	39	293.148122	-15.109317
32	34	40	42	383.584300	-33.867983
32	34	42	44	383.584300	-18.438713
32	34	44	46	383.584300	-9.256621
32	34	46	41	383.584300	42.328816
32	34	41	43	383.584300	-25.724464
32	34	43	45	383.584300	-12.324276
32	34	45	47	383.584300	-7.590010
32	35	46	49	354.042948	-12.894917
32	35	49	52	354.042948	-7.079057
32	35	52	47	354.042948	14.786135
32	35	47	50	354.042948	-10.465349
32	35	50	53	354.042948	-5.508178
32	35	53	48	354.042948	11.763573
32	35	48	51	354.042948	-8.588125
32	35	51	54	354.042948	-4.064716
32	36	52	56	386.955587	-7.494411
32	36	56	60	386.955587	-5.683909
32	36	60	53	386.955587	11.225673
32	36	53	57	386.955587	-7.411773
32	36	57	61	386.955587	-4.801284
32	36	61	54	386.955587	10.766888
32	36	54	58	386.955587	-7.393234
32	36	58	55	386.955587	5.429566
32	36	55	59	386.955587	-6.767765
32	37	58	63	334.971700	-6.024433
32	37	63	68	334.971700	-3.764929
32	37	68	59	334.971700	8.240349
32	37	59	64	334.971700	-5.368662
32	37	64	60	334.971700	4.117528
32	37	60	65	334.971700	-4.934884
32	37	65	61	334.971700	3.772838
32	37	61	66	334.971700	-4.564408
32	37	66	62	334.971700	3.445314
32	37	62	67	334.971700	-4.126744
32	38	64	70	408.410309	-5.732349
32	38	70	65	408.410309	4.490409
32	38	65	71	408.410309	-5.053823
32	38	71	66	408.410309	3.787241
32	38	66	72	408.410309	-4.284283
33	34	35	36	46.237345	-58.573234
33	34	36	37	46.237345	-14.953633
33	34	40	41	372.773387	-10.567851
33	34	37	38	363.151001	-44.062195
33	34	38	39	363.151001	-27.903760
33	34	39	40	363.151001	-15.135154
33	35	41	43	348.218567	-32.630569
33	35	43	45	348.218567	-14.480736
33	35	45	47	348.218567	-8.507699
33	35	47	42	348.218567	36.737111
33	35	42	44	348.218567	-22.478773
33	35	44	46	348.218567	-10.587940
33	35	46	48	348.218567	-6.625324
33	36	47	50	374.282674	-14.014364
33	36	50	53	374.282674	-7.059644
33	36	53	48	374.282674	15.375046
33	36	48	51	374.282674	-11.317675
33	36	51	54	374.282674	-5.169802
33	36	54	49	374.282674	11.832216
33	36	49	52	374.282674	-9.222037
33	36	52	55	374.282674	-4.114534
33	37	53	57	326.325531	-7.328653
33	37	57	61	326.325531	-4.685441
33	37	61	54	326.325531	10.581380
33	37	54	58	326.325531	-7.331150
33	37	58	62	326.325531	-4.180030
33	37	62	55	326.325531	9.581529
33	37	55	59	326.325531	-6.664499
33	37	59	56	326.325531	4.530392
33	37	56	60	326.325531	-5.541444
33	38	59	64	392.338196	-6.979232
33	38	64	69	392.338196	-4.243240
33	38	69	60	392.338196	9.593545
33	38	60	65	392.338196	-6.368798
33	38	65	61	392.338196	4.839214
33	38	61	66	392.338196	-5.891103
33	38	66	62	392.338196	4.439010
33	38	62	67	392.338196	-5.282102
33	38	67	63	392.338196	4.052471
33	38	63	68	392.338196	-4.775161
33	39	65	71	356.711812	-5.021729
33	39	71	66	356.711812	3.738253
33	39	66	72	356.711812	-4.237897
34	35	36	37	47.980035	-66.398816
34	35	37	38	47.980035	-15.042129
34	35	41	42	347.556986	-11.522412
34	35	38	39	318.926188	-50.424830
34	35	39	40	318.926188	-23.933186
34	35	40	41	318.926188	-15.032274
34	36	42	44	377.287893	-37.879938
34	36	44	46	377.287893	-16.490769
34	36	46	48	377.287893	-9.879005
34	36	48	43	377.287893	40.709250
34	36	43	45	377.287893	-23.386744
34	36	45	47	377.287893	-12.961548
34	36	47	49	377.287893	-7.897683
34	37	48	51	330.838552	-13.181389
34	37	51	54	330.838552	-5.848351
34	37	54	49	330.838552	13.546911
34	37	49	52	330.838552	-10.605945
34	37	52	55	330.838552	-4.569795
34	37	55	50	330.838552	10.929416
34	37	50	53	330.838552	-8.101911
34	37	53	56	330.838552	-4.598760
34	38	54	58	399.298330	-10.506679
34	38	58	62	399.298330	-5.839585
34	38	62	55	399.298330	13.526870
34	38	55	59	399.298330	-9.498276
34	38	59	63	399.298330	-5.090590
34	38	63	56	399.298330	11.541336
34	38	56	60	399.298330	-7.854892
34	38	60	57	399.298330	5.224190
34	38	57	61	399.298330	-6.574114
34	39	60	65	363.322286	-7.010086
34	39	65	70	363.322286	-4.038576
34	39	70	61	363.322286	9.348832
34	39	61	66	363.322286	-6.457501
34	39	66	62	363.322286	4.856097
34	39	62	67	363.322286	-5.764818
34	39	67	63	363.322286	4.414671
34	39	63	68	363.322286	-5.191350
34	39	68	64	363.322286	3.976600
34	39	64	69	363.322286	-4.622061
34	40	66	72	440.248484	-5.942307
35	36	37	38	37.363539	-51.633140
35	36	38	39	37.363539	-15.697934
35	36	42	43	350.289042	-13.604019
35	36	39	40	263.899933	-41.568677
35	36	40	41	263.899933	-23.305220
35	36	41	42	263.899933	-15.160375
35	37	43	45	309.706004	-29.411940
35	37	45	47	309.706004	-15.542649
35	37	47	49	309.706004	-8.886252
35	37	49	44	309.706004	35.374468
35	37	44	46	309.706004	-20.031885
35	37	46	48	309.706004	-11.407145
35	37	48	50	309.706004	-6.934407
35	38	49	52	366.411163	-14.718915
35	38	52	55	366.411163	-5.983552
35	38	55	50	366.411163	14.754407
35	38	50	53	366.411163	-11.007691
35	38	53	56	366.411163	-6.034623
35	38	56	51	366.411163	12.238232
35	38	51	54	366.411163	-7.822808
35	38	54	57	366.411163	-6.370583
35	39	55	59	336.913096	-9.869940
35	39	59	63	336.913096	-5.148213
35	39	63	56	336.913096	11.819735
35	39	56	60	336.913096	-8.117899
35	39	60	64	336.913096	-4.681694
35	39	64	57	336.913096	10.067893
35	39	57	61	336.913096	-6.723304
35	39	61	58	336.913096	4.656525
35	39	58	62	336.913096	-5.945152
35	40	61	66	398.246399	-8.190092
35	40	66	71	398.246399	-4.113454
35	40	71	62	398.246399	10.277313
35	40	62	67	398.246399	-7.192246
35	40	67	63	398.246399	5.501673
35	40	63	68	398.246399	-6.466831
35	40	68	64	398.246399	4.946591
35	40	64	69	398.246399	-5.754238
35	40	69	65	398.246399	4.341532
35	40	65	70	398.246399	-5.015658
36	37	38	39	10.007152	-18.729570
36	37	43	44	334.618632	-12.202375
36	37	39	40	231.790883	-93.253408
36	37	40	41	231.790883	-42.381393
36	37	41	42	231.790883	-24.463053
36	37	42	43	231.790883	-15.168233
36	38	44	46	397.944580	-36.168811
36	38	46	48	397.944580	-19.015650
36	38	48	50	397.944580	-11.134050
36	38	50	45	397.944580	45.806027
36	38	45	47	397.944580	-26.504130
36	38	47	49	397.944580	-14.504148
36	38	49	51	397.944580	-8.642526
36	39	50	53	359.254893	-14.372617
36	39	53	56	359.254893	-7.427887
36	39	56	51	359.254893	15.471387
36	39	51	54	359.254893	-10.064499
36	39	54	57	359.254893	-7.781400
36	39	57	52	359.254893	12.695518
36	39	52	55	359.254893	-7.545716
36	39	55	58	359.254893	-6.919685
36	40	56	60	436.265656	-12.339731
36	40	60	64	436.265656	-6.837266
36	40	64	57	436.265656	14.983014
36	40	57	61	436.265656	-10.097192
36	40	61	65	436.265656	-6.203403
36	40	65	58	436.265656	13.198253
36	40	58	62	436.265656	-8.890696
36	40	62	59	436.265656	6.076721
36	40	59	63	436.265656	-7.645842
36	41	62	67	444.036977	-9.080199
36	41	67	72	444.036977	-4.466058
36	41	72	63	444.036977	11.407393
36	41	63	68	444.036977	-8.098519
36	41	68	64	444.036977	6.185559
36	41	64	69	444.036977	-7.188064
36	41	69	65	444.036977	5.411017
36	41	65	70	444.036977	-6.261720
36	41	70	66	444.036977	4.443258
36	41	66	71	444.036977	-5.214566
37	38	39	40	10.788433	-15.167573
37	38	44	45	345.840556	-10.686339
37	38	40	41	284.111582	-113.879090
37	38	41	42	284.111582	-54.239935
37	38	42	43	284.111582	-29.914139
37	38	43	44	284.111582	-15.321919
37	39	45	47	320.412079	-33.508423
37	39	47	49	320.412079	-17.047369
37	39	49	51	320.412079	-9.689589
37	39	51	46	320.412079	40.056060
37	39	46	48	320.412079	-23.088511
37	39	48	50	320.412079	-12.735948
37	39	50	52	320.412079	-7.674336
37	40	51	54	374.982117	-13.172861
37	40	54	57	374.982117	-9.559245
37	40	57	52	374.982117	15.877431
37	40	52	55	374.982117	-9.545404
37	40	55	58	374.982117	-8.461010
37	40	58	53	374.982117	14.347609
37	40	53	56	374.982117	-9.289449
37	40	56	59	374.982117	-7.020625
37	41	57	61	375.577810	-10.081119
37	41	61	65	375.577810	-5.937925
37	41	65	58	375.577810	12.929111
37	41	58	62	375.577810	-8.794171
37	41	62	66	375.577810	-5.472930
37	41	66	59	375.577810	11.440628
37	41	59	63	375.577810	-7.490846
37	41	63	60	375.577810	5.329220
37	41	60	64	375.577810	-6.675309
37	42	63	68	374.614380	-7.812399
37	42	68	64	374.614380	5.986149
37	42	64	69	374.614380	-6.896470
37	42	69	65	374.614380	5.185365
37	42	65	70	374.614380	-5.990715
37	42	70	66	374.614380	4.197854
37	42	66	71	374.614380	-4.920302
37	42	71	67	374.614380	3.638252
37	42	67	72	374.614380	-4.285554
38	39	40	41	10.219113	-19.076629
38	39	45	46	364.628825	-15.007098
38	39	41	42	251.859212	-144.682776
38	39	42	43	251.859212	-65.444373
38	39	43	44	251.859212	-29.673412
38	39	44	45	251.859212	-14.889859
38	40	46	48	467.570292	-50.838925
38	40	48	50	467.570292	-25.889381
38	40	50	52	467.570292	-14.797798
38	40	52	47	467.570292	61.409912
38	40	47	49	467.570292	-35.848806
38	40	49	51	467.570292	-19.069214
38	40	51	53	467.570292	-10.068252
38	41	52	55	469.323822	-15.167065
38	41	55	58	469.323822	-12.722972
38	41	58	53	469.323822	21.872875
38	41	53	56	469.323822	-14.304893
38	41	56	59	469.323822	-10.443353
38	41	59	54	469.323822	20.693047
38	41	54	57	469.323822	-14.637523
38	41	57	60	469.323822	-8.259305
38	42	58	62	462.504781	-12.911254
38	42	62	66	462.504781	-7.827924
38	42	66	59	462.504781	16.574441
38	42	59	63	462.504781	-10.924147
38	42	63	67	462.504781	-7.024860
38	42	67	60	462.504781	14.775619
38	42	60	64	462.504781	-9.704444
38	42	64	61	462.504781	6.851380
38	42	61	65	462.504781	-8.667146
38	43	64	69	461.339081	-9.819332
38	43	69	65	461.339081	7.365741
38	43	65	70	461.339081	-8.480642
38	43	70	66	461.339081	5.956461
38	43	66	71	461.339081	-6.979655
38	43	71	67	461.339081	5.129932
38	43	67	72	461.339081	-6.029991
39	40	41	42	10.286896	-19.581775
39	40	46	47	390.056193	-14.921681
39	40	42	43	245.779444	-143.359555
39	40	43	44	245.779444	-53.282556
39	40	44	45	245.779444	-23.515033
39	40	45	46	245.779444	-14.944115
39	41	47	49	414.036092	-43.839927
39	41	49	51	414.036092	-21.623528
39	41	51	53	414.036092	-10.945879
39	41	53	48	414.036092	50.728733
39	41	48	50	414.036092	-30.394530
39	41	50	52	414.036092	-16.494209
39	41	52	54	414.036092	-6.408498
39	42	53	56	412.428589	-15.447741
39	42	56	59	412.428589	-10.804528
39	42	59	54	412.428589	21.777660
39	42	54	57	412.428589	-15.538261
39	42	57	60	412.428589	-8.468566
39	42	60	55	412.428589	18.568876
39	42	55	58	412.428589	-13.391755
39	42	58	61	412.428589	-7.184803
39	43	59	63	409.256297	-11.224933
39	43	63	67	409.256297	-6.972515
39	43	67	60	409.256297	14.923552
39	43	60	64	409.256297	-9.859893
39	43	64	68	409.256297	-6.263848
39	43	68	61	409.256297	13.195306
39	43	61	65	409.256297	-8.753599
39	43	65	62	409.256297	6.012744
39	43	62	66	409.256297	-7.883716
39	44	65	70	393.326976	-7.890346
39	44	70	66	393.326976	5.549675
39	44	66	71	393.326976	-6.462697
39	44	71	67	393.326976	4.738724
39	44	67	72	393.326976	-5.560584
40	41	42	43	9.972868	-20.096934
40	41	47	48	403.779093	-15.043276
40	41	43	44	257.292297	-130.453511
40	41	44	45	257.292297	-46.742662
40	41	45	46	257.292297	-26.513128
40	41	46	47	257.292297	-14.892568
40	42	48	50	528.234477	-58.154137
40	42	50	52	528.234477	-29.464210
40	42	52	54	528.234477	-10.949308
40	42	54	49	528.234477	63.719887
40	42	49	51	528.234477	-40.329514
40	42	51	53	528.234477	-19.097076
40	42	53	55	528.234477	-9.389632
40	43	54	57	522.592122	-24.701708
40	43	57	60	522.592122	-12.988604
40	43	60	55	522.592122	28.971052
40	43	55	58	522.592122	-21.080453
40	43	58	61	522.592122	-10.906538
40	43	61	56	522.592122	23.220316
40	43	56	59	522.592122	-16.804066
40	43	59	62	522.592122	-9.250740
40	44	60	64	483.049266	-13.129216
40	44	64	68	483.049266	-8.176080
40	44	68	61	483.049266	17.372889
40	44	61	65	483.049266	-11.583170
40	44	65	69	483.049266	-7.075864
40	44	69	62	483.049266	15.010396
40	44	62	66	483.049266	-10.366210
40	44	66	63	483.049266	7.411573
40	44	63	67	483.049266	-9.210928
40	45	66	71	509.286967	-8.990495
40	45	71	67	509.286967	6.568375
40	45	67	72	509.286967	-7.704906
41	42	43	44	10.068968	-21.368719
41	42	48	49	368.676605	-15.002927
41	42	44	45	234.663177	-112.885004
41	42	45	46	234.663177	-51.579114
41	42	46	47	234.663177	-25.610701
41	42	47	48	234.663177	-15.009795
41	43	49	51	526.146993	-60.143919
41	43	51	53	526.146993	-26.890228
41	43	53	55	526.146993	-12.279585
41	43	55	50	526.146993	63.906493
41	43	50	52	526.146993	-42.540612
41	43	52	54	526.146993	-14.719522
41	43	54	56	526.146993	-13.245495
41	44	55	58	481.877930	-23.122592
41	44	58	61	481.877930	-11.538365
41	44	61	56	481.877930	24.911381
41	44	56	59	481.877930	-18.168146
41	44	59	62	481.877930	-9.673025
41	44	62	57	481.877930	19.966354
41	44	57	60	481.877930	-13.868700
41	44	60	63	481.877930	-8.462466
41	45	61	65	511.682424	-13.378731
41	45	65	69	511.682424	-8.041524
41	45	69	62	511.682424	17.176231
41	45	62	66	511.682424	-11.894790
41	45	66	70	511.682424	-6.494436
41	45	70	63	511.682424	14.971488
41	45	63	67	511.682424	-10.527380
41	45	67	64	511.682424	7.552596
41	45	64	68	511.682424	-9.317401
41	46	67	72	515.573527	-8.540612
42	43	44	45	10.050370	-17.532045
42	43	49	50	372.634583	-15.100704
42	43	45	46	226.469482	-118.229875
42	43	46	47	226.469482	-48.196264
42	43	47	48	226.469482	-25.035085
42	43	48	49	226.469482	-14.887991
42	44	50	52	474.216309	-52.361594
42	44	52	54	474.216309	-16.435757
42	44	54	56	474.216309	-14.165070
42	44	56	51	474.216309	52.147089
42	44	51	53	474.216309	-31.880712
42	44	53	55	474.216309	-13.303216
42	44	55	57	474.216309	-12.540244
42	45	56	59	502.273112	-21.255415
42	45	59	62	502.273112	-10.874168
42	45	62	57	502.273112	22.801498
42	45	57	60	502.273112	-15.953897
42	45	60	63	502.273112	-9.472691
42	45	63	58	502.273112	19.041597
42	45	58	61	502.273112	-13.165143
42	45	61	64	502.273112	-8.153280
42	46	62	66	504.885803	-13.015512
42	46	66	70	504.885803	-6.951452
42	46	70	63	504.885803	16.203245
42	46	63	67	504.885803	-11.447432
42	46	67	71	504.885803	-5.917621
42	46	71	64	504.885803	14.100822
42	46	64	68	504.885803	-10.081621
42	46	68	65	504.885803	7.103543
42	46	65	69	504.885803	-8.665986
43	44	50	51	400.294932	-14.927946
43	44	45	46	267.492116	-471.195419
43	44	46	47	267.492116	-121.082633
43	44	47	48	267.492116	-50.595524
43	44	48	49	267.492116	-26.619525
43	44	49	50	267.492116	-15.068442
43	45	51	53	496.668050	-43.445184
43	45	53	55	496.668050	-16.189796
43	45	55	57	496.668050	-14.555937
43	45	57	52	496.668050	44.314223
43	45	52	54	496.668050	-21.185933
43	45	54	56	496.668050	-16.736194
43	45	56	58	496.668050	-10.760008
43	46	57	60	499.467560	-18.397150
43	46	60	63	499.467560	-10.455080
43	46	63	58	499.467560	21.388589
43	46	58	61	499.467560	-14.911798
43	46	61	64	499.467560	-8.954142
43	46	64	59	499.467560	17.538592
43	46	59	62	499.467560	-12.190058
43	46	62	65	499.467560	-7.591904
43	47	63	67	473.304789	-11.766089
43	47	67	71	473.304789	-5.957418
43	47	71	64	473.304789	14.339595
43	47	64	68	473.304789	-10.300824
43	47	68	72	473.304789	-5.045523
43	47	72	65	473.304789	12.285542
43	47	65	69	473.304789	-8.815107
43	47	69	66	473.304789	5.748874
43	47	66	70	473.304789	-7.053661
44	45	51	52	435.962880	-15.046068
44	45	46	47	283.220184	-418.029253
44	45	47	48	283.220184	-112.910246
44	45	48	49	283.220184	-49.117147
44	45	49	50	283.220184	-24.966802
44	45	50	51	283.220184	-14.923263
44	46	52	54	464.504628	-28.977046
44	46	54	56	464.504628	-20.259223
44	46	56	58	464.504628	-12.517805
44	46	58	53	464.504628	42.970749
44	46	53	55	464.504628	-20.648981
44	46	55	57	464.504628	-17.325718
44	46	57	59	464.504628	-9.202162
44	47	58	61	442.967865	-15.757971
44	47	61	64	442.967865	-9.108835
44	47	64	59	442.967865	18.105038
44	47	59	62	442.967865	-12.689305
44	47	62	65	442.967865	-7.673017
44	47	65	60	442.967865	15.515380
44	47	60	63	442.967865	-10.758266
44	47	63	66	442.967865	-7.017990
44	48	64	68	462.785400	-11.473383
44	48	68	72	462.785400	-5.483251
44	48	72	65	462.785400	13.527182
44	48	65	69	462.785400	-9.750413
44	48	69	66	462.785400	6.334594
44	48	66	70	462.785400	-7.763042
44	48	70	67	462.785400	5.278998
44	48	67	71	462.785400	-6.538200
45	46	52	53	492.345622	-12.313346
45	46	47	48	245.628118	-367.269433
45	46	48	49	245.628118	-106.307448
45	46	49	50	245.628118	-44.759453
45	46	50	51	245.628118	-24.273470
45	46	51	52	245.628118	-14.884943
45	47	53	55	461.870789	-29.512388
45	47	55	57	461.870789	-23.020720
45	47	57	59	461.870789	-11.623723
45	47	59	54	461.870789	49.471276
45	47	54	56	461.870789	-28.008400
45	47	56	58	461.870789	-16.210042
45	47	58	60	461.870789	-9.005682
45	48	59	62	483.075429	-17.040538
45	48	62	65	483.075429	-9.941024
45	48	65	60	483.075429	20.389979
45	48	60	63	483.075429	-14.246446
45	48	63	66	483.075429	-9.035203
45	48	66	61	483.075429	17.746194
45	48	61	64	483.075429	-11.945889
45	48	64	67	483.075429	-7.896239
45	49	65	69	487.758433	-12.034614
45	49	69	66	487.758433	7.791028
45	49	66	70	487.758433	-9.518952
45	49	70	67	487.758433	6.452221
45	49	67	71	487.758433	-7.979856
45	49	71	68	487.758433	5.376228
45	49	68	72	487.758433	-6.691758
46	47	53	54	468.535227	-8.692831
46	47	48	49	378.981150	-585.618151
46	47	49	50	378.981150	-159.934518
46	47	50	51	378.981150	-70.972714
46	47	51	52	378.981150	-39.664167
46	47	52	53	378.981150	-15.179561
46	48	54	56	486.433543	-41.277214
46	48	56	58	486.433543	-22.268859
46	48	58	60	486.433543	-11.743772
46	48	60	55	486.433543	53.089701
46	48	55	57	486.433543	-32.761284
46	48	57	59	486.433543	-15.494774
46	48	59	61	486.433543	-8.868342
46	49	60	63	490.285970	-17.500982
46	49	63	66	490.285970	-10.714383
46	49	66	61	490.285970	21.334772
46	49	61	64	490.285970	-14.477713
46	49	64	67	490.285970	-9.315916
46	49	67	62	490.285970	17.797892
46	49	62	65	490.285970	-11.933780
46	49	65	68	490.285970	-7.949234
46	50	66	70	489.321910	-10.831115
46	50	70	67	489.321910	7.316673
46	50	67	71	489.321910	-9.021931
46	50	71	68	489.321910	6.058614
46	50	68	72	489.321910	-7.526106
47	48	54	55	463.478719	-12.568018
47	48	49	50	464.757172	-759.747207
47	48	50	51	464.757172	-208.595020
47	48	51	52	464.757172	-100.614466
47	48	52	53	464.757172	-34.046426
47	48	53	54	464.757172	-14.079526
47	49	55	57	462.847229	-44.506787
47	49	57	59	462.847229	-19.411722
47	49	59	61	462.847229	-10.620842
47	49	61	56	462.847229	48.155957
47	49	56	58	462.847229	-29.007244
47	49	58	60	462.847229	-14.367095
47	49	60	62	462.847229	-8.914701
47	50	61	64	461.773946	-16.251247
47	50	64	67	461.773946	-10.118197
47	50	67	62	461.773946	19.572775
47	50	62	65	461.773946	-13.211223
47	50	65	68	461.773946	-8.602279
47	50	68	63	461.773946	16.661913
47	50	63	66	461.773946	-11.757527
47	50	66	69	461.773946	-6.707091
47	51	67	71	486.449992	-10.269839
47	51	71	68	486.449992	6.874872
47	51	68	72	486.449992	-8.507554
48	49	55	56	437.901662	-14.890760
48	49	50	51	347.321696	-549.087802
48	49	51	52	347.321696	-185.648926
48	49	52	53	347.321696	-52.177410
48	49	53	54	347.321696	-18.409730
48	49	54	55	347.321696	-14.916310
48	50	56	58	479.613180	-41.260170
48	50	58	60	479.613180	-18.896390
48	50	60	62	479.613180	-11.189516
48	50	62	57	479.613180	45.126411
48	50	57	59	479.613180	-26.359490
48	50	59	61	479.613180	-13.628484
48	50	61	63	479.613180	-9.006534
48	51	62	65	501.520284	-17.036571
48	51	65	68	501.520284	-10.793012
48	51	68	63	501.520284	21.094660
48	51	63	66	501.520284	-14.979412
48	51	66	69	501.520284	-8.356084
48	51	69	64	501.520284	17.857185
48	51	64	67	501.520284	-12.823312
48	51	67	70	501.520284	-6.817037
48	52	68	72	485.294444	-9.702579
49	50	56	57	466.039225	-14.810956
49	50	51	52	292.205271	-566.393690
49	50	52	53	292.205271	-111.489927
49	50	53	54	292.205271	-29.728697
49	50	54	55	292.205271	-20.513570
49	50	55	56	292.205271	-14.818396
49	51	57	59	505.716909	-38.092479
49	51	59	61	505.716909	-18.270883
49	51	61	63	505.716909	-11.515264
49	51	63	58	505.716909	45.693982
49	51	58	60	505.716909	-26.234722
49	51	60	62	505.716909	-14.574773
49	51	62	64	505.716909	-8.872247
49	52	63	66	485.058014	-17.312963
49	52	66	69	485.058014	-9.346170
49	52	69	64	485.058014	20.233427
49	52	64	67	485.058014	-14.622404
49	52	67	70	485.058014	-7.612405
49	52	70	65	485.058014	16.704093
49	52	65	68	485.058014	-12.217039
49	52	68	71	485.058014	-6.216511
50	51	57	58	510.777476	-13.294826
50	51	52	53	297.201996	-486.095489
50	51	53	54	297.201996	-76.639553
50	51	54	55	297.201996	-41.296717
50	51	55	56	297.201996	-26.034800
50	51	56	57	297.201996	-14.876885
50	52	58	60	487.058838	-35.458354
50	52	60	62	487.058838	-18.256743
50	52	62	64	487.058838	-10.613569
50	52	64	59	487.058838	42.467444
50	52	59	61	487.058838	-23.696480
50	52	61	63	487.058838	-14.050664
50	52	63	65	487.058838	-8.761046
50	53	64	67	521.757060	-17.299809
50	53	67	70	521.757060	-8.729633
50	53	70	65	521.757060	19.438588
50	53	65	68	521.757060	-14.300128
50	53	68	71	521.757060	-7.095408
50	53	71	66	521.757060	15.101434
50	53	66	69	521.757060	-10.862999
50	53	69	72	521.757060	-5.884687
51	52	58	59	510.494212	-13.597050
51	52	53	54	366.510315	-361.066290
51	52	54	55	366.510315	-122.223180
51	52	55	56	366.510315	-62.646977
51	52	56	57	366.510315	-31.327810
51	52	57	58	366.510315	-14.823498
51	53	59	61	549.109294	-32.724753
51	53	61	63	549.109294	-17.958413
51	53	63	65	549.109294	-10.695958
51	53	65	60	549.109294	42.279647
51	53	60	62	549.109294	-24.162977
51	53	62	64	549.109294	-13.233882
51	53	64	66	549.109294	-9.513594
51	54	65	68	526.931844	-15.704667
51	54	68	71	526.931844	-7.525740
51	54	71	66	526.931844	16.280996
51	54	66	69	526.931844	-11.800822
51	54	69	72	526.931844	-6.200157
51	54	72	67	526.931844	13.178640
51	54	67	70	526.931844	-9.399794
52	53	59	60	525.921814	-9.801307
52	53	54	55	459.087067	-478.882818
52	53	55	56	459.087067	-155.315730
52	53	56	57	459.087067	-62.086849
52	53	57	58	459.087067	-25.225629
52	53	58	59	459.087067	-14.947999
52	54	60	62	501.453512	-26.734077
52	54	62	64	501.453512	-13.457065
52	54	64	66	501.453512	-9.205533
52	54	66	61	501.453512	34.014391
52	54	61	63	501.453512	-18.987990
52	54	63	65	501.453512	-10.586587
52	54	65	67	501.453512	-7.504648
52	55	66	69	519.005005	-15.454107
52	55	69	72	519.005005	-7.724457
52	55	72	67	519.005005	16.753289
52	55	67	70	519.005005	-12.024899
52	55	70	68	519.005005	6.932472
52	55	68	71	519.005005	-9.558861
53	54	60	61	546.491984	-9.751221
53	54	55	56	541.655945	-606.179739
53	54	56	57	541.655945	-163.596618
53	54	57	58	541.655945	-54.469867
53	54	58	59	541.655945	-28.241915
53	54	59	60	541.655945	-14.908568
53	55	61	63	558.742900	-37.218470
53	55	63	65	558.742900	-19.223111
53	55	65	67	558.742900	-13.075120
53	55	67	62	558.742900	46.896610
53	55	62	64	558.742900	-25.271439
53	55	64	66	558.742900	-16.310846
53	55	66	68	558.742900	-9.530379
53	56	67	70	576.386149	-19.776646
53	56	70	68	576.386149	11.317562
53	56	68	71	576.386149	-15.442916
53	56	71	69	576.386149	9.031950
53	56	69	72	576.386149	-12.386446
54	55	61	62	536.486328	-14.853331
54	55	56	57	364.576172	-508.289466
54	55	57	58	364.576172	-119.661210
54	55	58	59	364.576172	-51.614513
54	55	59	60	364.576172	-24.598783
54	55	60	61	364.576172	-14.896818
54	56	62	64	548.441081	-43.296372
54	56	64	66	548.441081	-26.421644
54	56	66	68	548.441081	-14.857293
54	56	68	63	548.441081	59.335142
54	56	63	65	548.441081	-32.000778
54	56	65	67	548.441081	-20.713699
54	56	67	69	548.441081	-11.605912
54	57	68	71	545.387187	-20.456033
54	57	71	69	545.387187	11.928522
54	57	69	72	545.387187	-16.299312
55	56	62	63	522.978780	-14.881296
55	56	57	58	311.950785	-370.709283
55	56	58	59	311.950785	-106.765152
55	56	59	60	311.950785	-43.371196
55	56	60	61	311.950785	-23.457914
55	56	61	62	311.950785	-14.815459
55	57	63	65	560.355896	-47.203140
55	57	65	67	560.355896	-29.175172
55	57	67	69	560.355896	-15.506114
55	57	69	64	560.355896	64.875342
55	57	64	66	560.355896	-37.767378
55	57	66	68	560.355896	-20.496908
55	57	68	70	560.355896	-11.779997
55	58	69	72	413.717397	-14.969752
56	57	63	64	532.830892	-15.028456
56	57	58	59	339.769053	-393.225632
56	57	59	60	339.769053	-107.054900
56	57	60	61	339.769053	-47.985669
56	57	61	62	339.769053	-26.641083
56	57	62	63	339.769053	-14.809968
56	58	64	66	550.976542	-48.151067
56	58	66	68	550.976542	-24.384513
56	58	68	70	550.976542	-13.531180
56	58	70	65	550.976542	59.851250
56	58	65	67	550.976542	-35.816458
56	58	67	69	550.976542	-18.293035
56	58	69	71	550.976542	-10.463979
57	58	59	60	548.773966	-549.582087
57	58	60	61	548.773966	-162.769636
57	58	61	62	548.773966	-73.393397
57	58	62	63	548.773966	-35.648430
57	58	63	64	548.773966	-21.323111
57	58	64	65	548.773966	-14.784529
57	59	65	67	579.302734	-50.411659
57	59	67	69	579.302734	-24.033579
57	59	69	71	579.302734	-13.293147
57	59	71	66	579.302734	56.346349
57	59	66	68	579.302734	-33.064331
57	59	68	70	579.302734	-17.424305
57	59	70	72	579.302734	-10.502227
58	59	60	61	461.655487	-468.771487
58	59	61	62	461.655487	-140.002505
58	59	62	63	461.655487	-56.300472
58	59	63	64	461.655487	-29.939824
58	59	64	65	461.655487	-19.133312
58	59	65	66	461.655487	-14.869292
58	60	66	68	534.027120	-40.286349
58	60	68	70	534.027120	-19.742698
58	60	70	72	534.027120	-11.424722
58	60	72	67	534.027120	47.848480
58	60	67	69	534.027120	-28.167334
58	60	69	71	534.027120	-14.723613
59	60	61	62	556.411194	-574.871947
59	60	62	63	556.411194	-142.055810
59	60	63	64	556.411194	-60.614546
59	60	64	65	556.411194	-33.833333
59	60	65	66	556.411194	-24.061143
59	60	66	67	556.411194	-13.821132
59	61	67	69	544.675639	-40.769151
59	61	69	71	544.675639	-19.633262
59	61	71	68	544.675639	35.921519
59	61	68	70	544.675639	-27.381301
59	61	70	72	544.675639	-15.006269
60	61	62	63	547.627197	-568.615211
60	61	63	64	547.627197	-155.502854
60	61	64	65	547.627197	-69.669610
60	61	65	66	547.627197	-44.057165
60	61	66	67	547.627197	-23.093984
60	61	67	68	547.627197	-15.151827
60	62	68	70	382.272675	-29.763462
60	62	70	72	382.272675	-15.170387
60	62	72	69	382.272675	27.013082
60	62	69	71	382.272675	-20.511102
61	62	63	64	522.509318	-577.556399
61	62	64	65	522.509318	-165.978767
61	62	65	66	522.509318	-85.123656
61	62	66	67	522.509318	-40.201590
61	62	67	68	522.509318	-24.493074
61	62	68	69	522.509318	-14.989378
61	63	69	71	482.586080	-36.551488
61	63	71	70	482.586080	15.040623
61	63	70	72	482.586080	-25.918291
62	63	64	65	577.109517	-617.863687
62	63	65	66	577.109517	-202.567972
62	63	66	67	577.109517	-78.737081
62	63	67	68	577.109517	-42.520884
62	63	68	69	577.109517	-24.265415
62	63	69	70	577.109517	-14.799911
62	64	70	72	202.239309	-14.875786
63	64	65	66	584.867594	-689.318424
63	64	66	67	584.867594	-177.679415
63	64	67	68	584.867594	-80.261366
63	64	68	69	584.867594	-40.292387
63	64	69	70	584.867594	-22.946828
63	64	70	71	584.867594	-14.955019
64	65	66	67	571.665059	-592.571145
64	65	67	68	571.665059	-181.274564
64	65	68	69	571.665059	-75.452974
64	65	69	70	571.665059	-38.020572
64	65	70	71	571.665059	-23.039141
64	65	71	72	571.665059	-14.803009
65	66	67	68	346.771688	-435.690229
65	66	68	69	346.771688	-112.504270
65	66	69	70	346.771688	-46.489360
65	66	70	71	346.771688	-24.929525
65	66	71	72	346.771688	-14.962051
66	67	68	69	244.050257	-246.005794
66	67	69	70	244.050257	-63.879929
66	67	70	71	244.050257	-27.850147
66	67	71	72	244.050257	-14.747012
67	68	69	70	128.142354	-119.418250
67	68	70	71	128.142354	-33.748761
67	68	71	72	128.142354	-14.688346
68	69	70	71	54.122687	-53.046335
68	69	71	72	54.122687	-14.586502
69	70	71	72	14.056528	-14.234561
