3 0 1 2
3 3 0 2
3 4 5 0
3 4 0 3
3 6 5 4
3 7 6 4
3 8 9 6
3 8 6 7
3 10 9 8
3 11 10 8
3 12 10 11
3 13 12 11
3 14 12 13
3 15 14 13
3 16 14 15
3 17 16 15
3 18 19 16
3 18 16 17
3 20 21 19
3 20 19 18
3 22 21 20
3 23 22 20
3 24 22 23
3 25 24 23
3 26 24 25
3 27 26 25
3 28 26 27
3 29 28 27
3 30 28 29
3 31 30 29
3 32 33 30
3 32 30 31
3 34 35 36
3 34 37 35
3 38 39 35
3 38 35 37
3 40 38 37
3 40 37 34
3 41 40 34
3 41 34 36
3 42 43 39
3 42 39 38
3 44 42 38
3 44 38 40
3 45 44 40
3 45 40 41
3 46 47 43
3 46 43 42
3 48 46 42
3 48 42 44
3 49 48 44
3 49 44 45
3 50 51 47
3 50 47 46
3 52 50 46
3 52 46 48
3 53 52 48
3 53 48 49
3 54 55 51
3 54 51 50
3 56 54 50
3 56 50 52
3 57 56 52
3 57 52 53
3 58 59 55
3 58 55 54
3 60 58 54
3 60 54 56
3 61 60 56
3 61 56 57
3 62 63 59
3 62 59 58
3 64 62 58
3 64 58 60
3 65 64 60
3 65 60 61
3 66 67 1
3 66 68 67
3 69 2 70
3 69 71 2
3 2 1 67
3 2 67 68
3 2 68 66
3 2 66 71
3 2 71 69
3 2 69 70
3 68 67 63
3 68 63 62
3 66 68 62
3 66 62 64
3 71 66 64
3 69 71 64
3 70 69 64
3 70 64 65
3 72 73 67
3 72 67 68
3 72 68 66
3 74 72 66
3 75 76 71
3 75 71 69
3 77 75 69
3 77 69 70
3 78 79 73
3 78 73 72
3 80 78 72
3 80 72 74
3 81 82 76
3 81 76 75
3 83 81 75
3 83 75 77
3 84 85 79
3 84 79 78
3 84 78 80
3 86 84 80
3 87 88 82
3 87 82 81
3 89 87 81
3 89 81 83
3 90 91 85
3 90 85 84
3 92 90 84
3 92 84 86
3 93 94 88
3 93 88 87
3 95 93 87
3 95 87 89
3 96 97 91
3 96 91 90
3 98 96 90
3 98 90 92
3 99 100 94
3 99 94 93
3 101 99 93
3 101 93 95
3 102 103 97
3 102 97 96
3 104 102 96
3 104 96 98
3 105 106 100
3 105 100 99
3 107 105 99
3 107 99 101
3 108 109 103
3 108 103 102
3 110 108 102
3 110 102 104
3 111 112 106
3 111 106 105
3 113 111 105
3 113 105 107
3 114 115 109
3 114 109 108
3 114 108 110
3 116 114 110
3 117 118 112
3 117 112 111
3 119 117 111
3 119 111 113
3 120 121 115
3 120 115 114
3 122 120 114
3 122 114 116
3 123 118 117
3 124 123 117
3 125 124 117
3 125 117 119
3 126 127 121
3 126 121 120
3 126 120 122
3 128 126 122
3 129 123 124
3 130 129 124
3 131 130 124
3 131 124 125
3 132 133 127
3 132 127 126
3 134 132 126
3 134 126 128
3 135 129 130
3 136 135 130
3 137 136 130
3 137 130 131
3 138 139 133
3 138 133 132
3 138 132 134
3 140 138 134
3 141 135 136
3 142 141 136
3 143 142 136
3 143 136 137
3 144 145 139
3 144 139 138
3 144 138 140
3 146 144 140
3 147 141 142
3 148 147 142
3 149 148 142
3 149 142 143
3 150 151 145
3 150 145 144
3 150 144 146
3 152 150 146
3 153 147 148
3 154 153 148
3 155 154 148
3 155 148 149
3 156 157 151
3 156 151 150
3 156 150 152
3 158 156 152
3 159 153 154
3 160 159 154
3 161 160 154
3 161 154 155
3 162 33 163
3 162 163 164
3 164 163 157
3 164 157 156
3 162 164 156
3 162 156 158
3 165 166 32
3 165 32 167
3 167 159 160
3 165 167 160
3 166 165 160
3 166 160 161
3 32 163 33
3 32 164 163
3 32 162 164
3 32 167 162
3 32 165 167
3 32 166 165
3 168 169 163
3 168 163 164
3 168 164 162
3 168 162 167
3 168 167 165
3 170 168 165
3 171 170 165
3 171 165 166
3 172 173 169
3 172 169 168
3 174 172 168
3 174 168 170
3 175 174 170
3 175 170 171
3 176 177 173
3 176 173 172
3 178 176 172
3 178 172 174
3 179 178 174
3 179 174 175
3 180 181 177
3 180 177 176
3 182 180 176
3 182 176 178
3 183 182 178
3 183 178 179
3 184 185 181
3 184 181 180
3 186 184 180
3 186 180 182
3 187 186 182
3 187 182 183
3 188 189 185
3 188 185 184
3 190 188 184
3 190 184 186
3 191 190 186
3 191 186 187
3 192 193 189
3 192 189 188
3 194 192 188
3 194 188 190
3 195 194 190
3 195 190 191
3 196 197 193
3 196 193 192
3 198 196 192
3 198 192 194
3 199 198 194
3 199 194 195
3 200 201 197
3 200 197 196
3 202 200 196
3 202 196 198
3 203 202 198
3 203 198 199
3 204 205 201
3 204 201 200
3 206 204 200
3 206 200 202
3 207 206 202
3 207 202 203
3 208 209 205
3 208 205 204
3 210 208 204
3 210 204 206
3 211 210 206
3 211 206 207
3 212 213 209
3 212 209 208
3 214 212 208
3 214 208 210
3 215 214 210
3 215 210 211
3 216 217 213
3 216 213 212
3 218 216 212
3 218 212 214
3 219 218 214
3 219 214 215
3 220 221 217
3 220 217 216
3 222 220 216
3 222 216 218
3 223 222 218
3 223 218 219
3 224 225 221
3 224 221 220
3 226 224 220
3 226 220 222
3 227 226 222
3 227 222 223
3 228 229 230
3 228 230 231
3 231 230 225
3 231 225 224
3 228 231 224
3 228 224 226
3 229 228 226
3 229 226 227
3 66 74 0
3 1 66 0
3 71 2 3
3 71 3 76
3 74 80 5
3 0 74 5
3 3 4 82
3 76 3 82
3 80 86 232
3 5 80 232
3 5 232 6
3 4 7 88
3 82 4 88
3 86 92 233
3 232 86 233
3 232 233 234
3 6 232 234
3 6 234 9
3 7 8 94
3 88 7 94
3 233 92 98
3 233 98 235
3 233 235 236
3 234 233 236
3 234 236 237
3 234 237 238
3 9 234 238
3 9 238 10
3 8 11 100
3 94 8 100
3 98 104 239
3 235 98 239
3 235 239 240
3 236 235 240
3 237 236 240
3 237 240 241
3 238 237 241
3 238 241 242
3 10 238 242
3 10 242 12
3 11 13 106
3 100 11 106
3 239 104 110
3 239 110 243
3 240 239 243
3 240 243 244
3 241 240 244
3 242 241 244
3 242 244 245
3 242 245 246
3 12 242 246
3 12 246 14
3 13 15 112
3 106 13 112
3 243 110 116
3 243 116 247
3 243 247 248
3 244 243 248
3 244 248 249
3 245 244 249
3 246 245 249
3 246 249 250
3 14 246 250
3 14 250 16
3 15 17 118
3 112 15 118
3 247 116 122
3 247 122 251
3 248 247 251
3 248 251 252
3 249 248 252
3 250 249 252
3 250 252 19
3 16 250 19
3 17 18 123
3 118 17 123
3 122 128 253
3 122 253 21
3 251 122 21
3 252 251 21
3 19 252 21
3 18 20 129
3 123 18 129
3 253 128 134
3 21 253 134
3 21 134 22
3 20 23 135
3 129 20 135
3 22 134 140
3 22 140 24
3 23 25 141
3 135 23 141
3 140 146 26
3 24 140 26
3 25 27 147
3 141 25 147
3 146 152 28
3 26 146 28
3 27 29 153
3 147 27 153
3 28 152 158
3 28 158 30
3 29 31 159
3 153 29 159
3 30 158 162
3 30 162 33
3 159 31 32
3 159 32 167
3 71 1 2
3 71 66 1
3 74 66 71
3 76 74 71
3 80 74 76
3 82 80 76
3 86 80 82
3 88 86 82
3 92 86 88
3 94 92 88
3 98 92 94
3 100 98 94
3 104 98 100
3 106 104 100
3 110 104 106
3 112 110 106
3 116 110 112
3 118 116 112
3 122 116 118
3 123 122 118
3 129 128 122
3 129 122 123
3 135 134 128
3 135 128 129
3 141 140 134
3 141 134 135
3 146 140 141
3 147 146 141
3 153 152 146
3 153 146 147
3 159 158 152
3 159 152 153
3 167 32 33
3 167 33 162
3 167 162 158
3 167 158 159
3 41 39 35
3 41 35 36
3 45 43 39
3 45 39 41
3 49 47 43
3 49 43 45
3 53 51 47
3 53 47 49
3 57 55 51
3 57 51 53
3 61 59 55
3 61 55 57
3 65 63 59
3 65 59 61
3 1 67 63
3 1 63 65
3 2 1 65
3 70 2 65
3 0 73 67
3 0 67 1
3 3 2 70
3 77 3 70
3 5 79 73
3 5 73 0
3 4 3 77
3 83 4 77
3 85 79 5
3 6 85 5
3 7 4 83
3 89 7 83
3 91 85 6
3 9 91 6
3 8 7 89
3 95 8 89
3 97 91 9
3 10 97 9
3 101 11 8
3 101 8 95
3 103 97 10
3 12 103 10
3 107 13 11
3 107 11 101
3 109 103 12
3 14 109 12
3 113 15 13
3 113 13 107
3 115 109 14
3 16 115 14
3 119 17 15
3 119 15 113
3 19 121 115
3 19 115 16
3 18 17 119
3 125 18 119
3 21 127 121
3 21 121 19
3 254 20 18
3 254 18 125
3 131 254 125
3 133 127 21
3 22 133 21
3 23 20 254
3 137 23 254
3 137 254 131
3 139 133 22
3 24 139 22
3 25 23 137
3 143 25 137
3 145 139 24
3 26 145 24
3 149 27 25
3 149 25 143
3 255 145 26
3 28 255 26
3 155 29 27
3 155 27 149
3 256 255 28
3 30 256 28
3 161 31 29
3 161 29 155
3 257 256 30
3 33 257 30
3 166 32 31
3 166 31 161
3 258 257 33
3 171 258 33
3 171 33 32
3 171 32 166
3 175 173 258
3 175 258 171
3 179 259 173
3 179 173 175
3 183 260 259
3 183 259 179
3 187 261 260
3 187 260 183
3 191 262 261
3 191 261 187
3 195 193 262
3 195 262 191
3 199 197 193
3 199 193 195
3 203 201 197
3 203 197 199
3 207 205 201
3 207 201 203
3 211 209 205
3 211 205 207
3 215 213 209
3 215 209 211
3 219 217 213
3 219 213 215
3 223 221 217
3 223 217 219
3 227 225 221
3 227 221 223
3 229 230 225
3 229 225 227
3 263 36 35
3 263 264 36
3 41 36 264
3 265 41 264
3 266 265 264
3 266 264 263
3 266 263 35
3 39 266 35
3 45 41 265
3 267 45 265
3 268 267 265
3 268 265 266
3 268 266 39
3 43 268 39
3 49 45 267
3 269 49 267
3 270 269 267
3 270 267 268
3 271 270 268
3 272 271 268
3 273 272 268
3 274 273 268
3 274 268 43
3 47 274 43
3 53 49 269
3 275 53 269
3 276 275 269
3 276 269 270
3 276 270 271
3 277 276 271
3 277 271 272
3 277 272 273
3 278 277 273
3 278 273 274
3 279 278 274
3 51 279 274
3 51 274 47
3 57 53 275
3 280 57 275
3 281 280 275
3 281 275 276
3 282 281 276
3 283 282 276
3 283 276 277
3 284 283 277
3 284 277 278
3 285 284 278
3 286 285 278
3 286 278 279
3 287 286 279
3 287 279 51
3 55 287 51
3 288 61 57
3 288 57 280
3 289 288 280
3 289 280 281
3 290 289 281
3 290 281 282
3 291 290 282
3 291 282 283
3 292 291 283
3 293 292 283
3 293 283 284
3 294 293 284
3 294 284 285
3 295 294 285
3 295 285 286
3 296 295 286
3 297 296 286
3 297 286 287
3 298 297 287
3 298 287 55
3 59 298 55
3 299 65 61
3 299 61 288
3 300 299 288
3 300 288 289
3 301 300 289
3 302 301 289
3 302 289 290
3 303 302 290
3 303 290 291
3 304 303 291
3 304 291 292
3 305 304 292
3 305 292 293
3 306 305 293
3 307 306 293
3 308 307 293
3 308 293 294
3 309 308 294
3 310 309 294
3 310 294 295
3 311 310 295
3 311 295 296
3 312 311 296
3 312 296 297
3 313 312 297
3 314 313 297
3 314 297 298
3 315 314 298
3 63 315 298
3 63 298 59
3 70 65 299
3 316 70 299
3 317 316 299
3 317 299 300
3 318 317 300
3 318 300 301
3 319 318 301
3 319 301 302
3 320 319 302
3 320 302 303
3 321 320 303
3 322 321 303
3 322 303 304
3 323 322 304
3 324 323 304
3 324 304 305
3 325 324 305
3 325 305 306
3 326 325 306
3 326 306 307
3 327 326 307
3 327 307 308
3 328 327 308
3 328 308 309
3 329 328 309
3 329 309 310
3 330 329 310
3 330 310 311
3 331 330 311
3 331 311 312
3 332 331 312
3 332 312 313
3 333 332 313
3 333 313 314
3 334 333 314
3 335 334 314
3 335 314 315
3 336 335 315
3 67 336 315
3 67 315 63
3 77 70 316
3 337 77 316
3 338 337 316
3 338 316 317
3 338 317 318
3 339 338 318
3 340 339 318
3 340 318 319
3 341 340 319
3 342 341 319
3 342 319 320
3 343 342 320
3 344 343 320
3 344 320 321
3 345 344 321
3 345 321 322
3 345 322 323
3 346 345 323
3 346 323 324
3 347 346 324
3 348 347 324
3 348 324 325
3 349 348 325
3 349 325 326
3 349 326 327
3 350 349 327
3 350 327 328
3 351 350 328
3 351 328 329
3 352 351 329
3 353 352 329
3 353 329 330
3 354 353 330
3 354 330 331
3 355 354 331
3 355 331 332
3 356 355 332
3 357 356 332
3 357 332 333
3 358 357 333
3 358 333 334
3 359 358 334
3 359 334 335
3 359 335 336
3 360 359 336
3 73 360 336
3 73 336 67
3 361 83 77
3 361 77 337
3 362 361 337
3 362 337 338
3 363 362 338
3 363 338 339
3 364 363 339
3 364 339 340
3 365 364 340
3 366 365 340
3 366 340 341
3 367 366 341
3 367 341 342
3 368 367 342
3 368 342 343
3 369 368 343
3 369 343 344
3 370 369 344
3 370 344 345
3 371 370 345
3 371 345 346
3 372 371 346
3 372 346 347
3 373 372 347
3 374 373 347
3 374 347 348
3 375 374 348
3 375 348 349
3 376 375 349
3 376 349 350
3 377 376 350
3 378 377 350
3 378 350 351
3 379 378 351
3 379 351 352
3 380 379 352
3 380 352 353
3 380 353 354
3 381 380 354
3 381 354 355
3 381 355 356
3 382 381 356
3 382 356 357
3 383 382 357
3 383 357 358
3 384 383 358
3 384 358 359
3 385 384 359
3 385 359 360
3 386 385 360
3 79 386 360
3 79 360 73
3 89 83 361
3 387 89 361
3 388 387 361
3 388 361 362
3 389 388 362
3 390 389 362
3 390 362 363
3 390 363 364
3 391 390 364
3 391 364 365
3 392 391 365
3 392 365 366
3 393 392 366
3 393 366 367
3 394 393 367
3 394 367 368
3 395 394 368
3 396 395 368
3 396 368 369
3 397 396 369
3 397 369 370
3 398 397 370
3 398 370 371
3 399 398 371
3 399 371 372
3 400 399 372
3 400 372 373
3 401 400 373
3 401 373 374
3 402 401 374
3 402 374 375
3 402 375 376
3 403 402 376
3 403 376 377
3 404 403 377
3 404 377 378
3 405 404 378
3 405 378 379
3 405 379 380
3 406 405 380
3 406 380 381
3 407 406 381
3 407 381 382
3 408 407 382
3 408 382 383
3 409 408 383
3 409 383 384
3 410 409 384
3 410 384 385
3 411 410 385
3 412 411 385
3 412 385 386
3 85 412 386
3 85 386 79
3 95 89 387
3 413 95 387
3 414 413 387
3 414 387 388
3 415 414 388
3 415 388 389
3 416 415 389
3 416 389 390
3 417 416 390
3 417 390 391
3 418 417 391
3 418 391 392
3 419 418 392
3 419 392 393
3 420 419 393
3 420 393 394
3 421 420 394
3 422 421 394
3 422 394 395
3 423 422 395
3 423 395 396
3 424 423 396
3 424 396 397
3 424 397 398
3 425 424 398
3 425 398 399
3 426 425 399
3 426 399 400
3 427 426 400
3 428 427 400
3 428 400 401
3 429 428 401
3 429 401 402
3 430 429 402
3 430 402 403
3 431 430 403
3 432 431 403
3 432 403 404
3 433 432 404
3 433 404 405
3 434 433 405
3 434 405 406
3 435 434 406
3 436 435 406
3 436 406 407
3 437 436 407
3 437 407 408
3 438 437 408
3 438 408 409
3 439 438 409
3 439 409 410
3 440 439 410
3 440 410 411
3 441 440 411
3 441 411 412
3 442 441 412
3 91 442 412
3 91 412 85
3 101 95 413
3 443 101 413
3 443 413 414
3 444 443 414
3 444 414 415
3 445 444 415
3 445 415 416
3 446 445 416
3 446 416 417
3 447 446 417
3 447 417 418
3 447 418 419
3 448 447 419
3 448 419 420
3 449 448 420
3 450 449 420
3 450 420 421
3 450 421 422
3 451 450 422
3 452 451 422
3 452 422 423
3 453 452 423
3 453 423 424
3 454 453 424
3 454 424 425
3 455 454 425
3 456 455 425
3 456 425 426
3 457 456 426
3 457 426 427
3 458 457 427
3 458 427 428
3 458 428 429
3 459 458 429
3 459 429 430
3 460 459 430
3 460 430 431
3 461 460 431
3 461 431 432
3 462 461 432
3 463 462 432
3 463 432 433
3 464 463 433
3 464 433 434
3 465 464 434
3 465 434 435
3 466 465 435
3 466 435 436
3 467 466 436
3 467 436 437
3 468 467 437
3 469 468 437
3 469 437 438
3 469 438 439
3 470 469 439
3 470 439 440
3 471 470 440
3 471 440 441
3 472 471 441
3 472 441 442
3 473 472 442
3 97 473 442
3 97 442 91
3 107 101 443
3 474 107 443
3 474 443 444
3 475 474 444
3 475 444 445
3 476 475 445
3 476 445 446
3 477 476 446
3 477 446 447
3 478 477 447
3 478 447 448
3 479 478 448
3 480 479 448
3 480 448 449
3 481 480 449
3 481 449 450
3 482 481 450
3 482 450 451
3 483 482 451
3 483 451 452
3 484 483 452
3 484 452 453
3 485 484 453
3 485 453 454
3 486 485 454
3 486 454 455
3 487 486 455
3 487 455 456
3 488 487 456
3 488 456 457
3 489 488 457
3 489 457 458
3 490 489 458
3 490 458 459
3 491 490 459
3 491 459 460
3 492 491 460
3 492 460 461
3 493 492 461
3 493 461 462
3 493 462 463
3 493 463 464
3 494 493 464
3 494 464 465
3 494 465 466
3 495 494 466
3 495 466 467
3 496 495 467
3 496 467 468
3 497 496 468
3 497 468 469
3 498 497 469
3 498 469 470
3 499 498 470
3 499 470 471
3 500 499 471
3 500 471 472
3 501 500 472
3 501 472 473
3 502 501 473
3 103 502 473
3 103 473 97
3 113 107 474
3 503 113 474
3 503 474 475
3 504 503 475
3 504 475 476
3 505 504 476
3 505 476 477
3 506 505 477
3 507 506 477
3 508 507 477
3 508 477 478
3 509 508 478
3 509 478 479
3 510 509 479
3 511 510 479
3 511 479 480
3 512 511 480
3 513 512 480
3 514 513 480
3 515 514 480
3 515 480 481
3 516 515 481
3 517 516 481
3 517 481 482
3 518 517 482
3 518 482 483
3 519 518 483
3 520 519 483
3 521 520 483
3 522 521 483
3 523 522 483
3 524 523 483
3 525 524 483
3 526 525 483
3 527 526 483
3 528 527 483
3 529 528 483
3 530 529 483
3 531 530 483
3 532 531 483
3 533 532 483
3 533 483 484
3 533 484 485
3 534 533 485
3 535 534 485
3 536 535 485
3 536 485 486
3 537 536 486
3 537 486 487
3 538 537 487
3 538 487 488
3 539 538 488
3 539 488 489
3 539 489 490
3 540 539 490
3 540 490 491
3 541 540 491
3 541 491 492
3 541 492 493
3 542 541 493
3 542 493 494
3 543 542 494
3 544 543 494
3 544 494 495
3 544 495 496
3 545 544 496
3 546 545 496
3 546 496 497
3 547 546 497
3 547 497 498
3 548 547 498
3 548 498 499
3 548 499 500
3 549 548 500
3 549 500 501
3 550 549 501
3 550 501 502
3 550 502 103
3 109 550 103
3 119 113 503
3 551 119 503
3 551 503 504
3 552 551 504
3 552 504 505
3 553 552 505
3 553 505 506
3 554 553 506
3 554 506 507
3 554 507 508
3 555 554 508
3 555 508 509
3 556 555 509
3 556 509 510
3 556 510 511
3 556 511 512
3 557 556 512
3 557 512 513
3 557 513 514
3 557 514 515
3 558 557 515
3 558 515 516
3 558 516 517
3 558 517 518
3 559 558 518
3 559 518 519
3 559 519 520
3 559 520 521
3 559 521 522
3 559 522 523
3 559 523 524
3 559 524 525
3 559 525 526
3 559 526 527
3 559 527 528
3 559 528 529
3 559 529 530
3 559 530 531
3 559 531 532
3 559 532 533
3 559 533 534
3 559 534 535
3 559 535 536
3 560 559 536
3 561 560 536
3 561 536 537
3 562 561 537
3 563 562 537
3 563 537 538
3 564 563 538
3 565 564 538
3 565 538 539
3 565 539 540
3 566 565 540
3 567 566 540
3 567 540 541
3 568 567 541
3 569 568 541
3 570 569 541
3 570 541 542
3 571 570 542
3 572 571 542
3 573 572 542
3 574 573 542
3 574 542 543
3 575 574 543
3 576 575 543
3 576 543 544
3 577 576 544
3 577 544 545
3 578 577 545
3 578 545 546
3 579 578 546
3 579 546 547
3 580 579 547
3 581 580 547
3 582 581 547
3 582 547 548
3 583 582 548
3 583 548 549
3 584 583 549
3 584 549 550
3 585 584 550
3 115 585 550
3 115 550 109
3 125 119 551
3 586 125 551
3 586 551 552
3 587 586 552
3 587 552 553
3 588 587 553
3 589 588 553
3 589 553 554
3 590 589 554
3 590 554 555
3 591 590 555
3 591 555 556
3 592 591 556
3 592 556 557
3 593 592 557
3 594 593 557
3 594 557 558
3 595 594 558
3 595 558 559
3 596 595 559
3 596 559 560
3 597 596 560
3 597 560 561
3 598 597 561
3 598 561 562
3 598 562 563
3 599 598 563
3 599 563 564
3 600 599 564
3 600 564 565
3 601 600 565
3 601 565 566
3 602 601 566
3 603 602 566
3 603 566 567
3 604 603 567
3 604 567 568
3 605 604 568
3 605 568 569
3 606 605 569
3 606 569 570
3 607 606 570
3 607 570 571
3 608 607 571
3 608 571 572
3 609 608 572
3 609 572 573
3 610 609 573
3 610 573 574
3 611 610 574
3 611 574 575
3 612 611 575
3 613 612 575
3 613 575 576
3 614 613 576
3 614 576 577
3 615 614 577
3 616 615 577
3 616 577 578
3 616 578 579
3 617 616 579
3 617 579 580
3 618 617 580
3 618 580 581
3 619 618 581
3 619 581 582
3 620 619 582
3 621 620 582
3 621 582 583
3 622 621 583
3 623 622 583
3 623 583 584
3 623 584 585
3 624 623 585
3 624 585 115
3 121 624 115
3 625 131 125
3 625 125 586
3 625 586 587
3 626 625 587
3 626 587 588
3 626 588 589
3 627 626 589
3 627 589 590
3 628 627 590
3 628 590 591
3 628 591 592
3 628 592 593
3 629 628 593
3 629 593 594
3 630 629 594
3 630 594 595
3 631 630 595
3 632 631 595
3 633 632 595
3 633 595 596
3 634 633 596
3 635 634 596
3 636 635 596
3 636 596 597
3 637 636 597
3 638 637 597
3 639 638 597
3 639 597 598
3 640 639 598
3 641 640 598
3 641 598 599
3 642 641 599
3 642 599 600
3 643 642 600
3 643 600 601
3 644 643 601
3 645 644 601
3 645 601 602
3 645 602 603
3 646 645 603
3 647 646 603
3 647 603 604
3 648 647 604
3 648 604 605
3 649 648 605
3 649 605 606
3 650 649 606
3 650 606 607
3 651 650 607
3 652 651 607
3 652 607 608
3 653 652 608
3 653 608 609
3 654 653 609
3 654 609 610
3 655 654 610
3 656 655 610
3 656 610 611
3 657 656 611
3 657 611 612
3 658 657 612
3 658 612 613
3 659 658 613
3 660 659 613
3 660 613 614
3 661 660 614
3 661 614 615
3 662 661 615
3 662 615 616
3 663 662 616
3 663 616 617
3 664 663 617
3 664 617 618
3 665 664 618
3 666 665 618
3 666 618 619
3 667 666 619
3 667 619 620
3 668 667 620
3 668 620 621
3 668 621 622
3 669 668 622
3 669 622 623
3 670 669 623
3 670 623 624
3 671 670 624
3 127 671 624
3 127 624 121
3 137 131 625
3 672 137 625
3 672 625 626
3 673 672 626
3 673 626 627
3 674 673 627
3 674 627 628
3 675 674 628
3 676 675 628
3 676 628 629
3 677 676 629
3 677 629 630
3 678 677 630
3 678 630 631
3 679 678 631
3 679 631 632
3 680 679 632
3 680 632 633
3 681 680 633
3 681 633 634
3 682 681 634
3 682 634 635
3 683 682 635
3 683 635 636
3 684 683 636
3 684 636 637
3 685 684 637
3 685 637 638
3 686 685 638
3 686 638 639
3 687 686 639
3 688 687 639
3 688 639 640
3 689 688 640
3 689 640 641
3 690 689 641
3 690 641 642
3 691 690 642
3 691 642 643
3 692 691 643
3 693 692 643
3 693 643 644
3 694 693 644
3 694 644 645
3 695 694 645
3 696 695 645
3 696 645 646
3 697 696 646
3 697 646 647
3 698 697 647
3 698 647 648
3 699 698 648
3 699 648 649
3 700 699 649
3 700 649 650
3 701 700 650
3 701 650 651
3 701 651 652
3 702 701 652
3 702 652 653
3 703 702 653
3 703 653 654
3 703 654 655
3 704 703 655
3 704 655 656
3 705 704 656
3 705 656 657
3 706 705 657
3 706 657 658
3 707 706 658
3 708 707 658
3 708 658 659
3 708 659 660
3 709 708 660
3 710 709 660
3 710 660 661
3 711 710 661
3 711 661 662
3 712 711 662
3 712 662 663
3 713 712 663
3 713 663 664
3 714 713 664
3 714 664 665
3 715 714 665
3 715 665 666
3 716 715 666
3 717 716 666
3 717 666 667
3 717 667 668
3 717 668 669
3 718 717 669
3 718 669 670
3 719 718 670
3 719 670 671
3 720 719 671
3 720 671 127
3 133 720 127
3 143 137 672
3 721 143 672
3 721 672 673
3 722 721 673
3 722 673 674
3 723 722 674
3 723 674 675
3 724 723 675
3 724 675 676
3 725 724 676
3 725 676 677
3 726 725 677
3 726 677 678
3 727 726 678
3 727 678 679
3 728 727 679
3 728 679 680
3 728 680 681
3 728 681 682
3 729 728 682
3 730 729 682
3 731 730 682
3 731 682 683
3 732 731 683
3 732 683 684
3 733 732 684
3 733 684 685
3 734 733 685
3 734 685 686
3 735 734 686
3 735 686 687
3 736 735 687
3 736 687 688
3 737 736 688
3 737 688 689
3 738 737 689
3 738 689 690
3 739 738 690
3 740 739 690
3 740 690 691
3 741 740 691
3 741 691 692
3 742 741 692
3 742 692 693
3 743 742 693
3 744 743 693
3 744 693 694
3 745 744 694
3 745 694 695
3 745 695 696
3 746 745 696
3 746 696 697
3 747 746 697
3 747 697 698
3 748 747 698
3 748 698 699
3 749 748 699
3 749 699 700
3 750 749 700
3 750 700 701
3 750 701 702
3 751 750 702
3 751 702 703
3 752 751 703
3 752 703 704
3 753 752 704
3 753 704 705
3 754 753 705
3 754 705 706
3 755 754 706
3 755 706 707
3 756 755 707
3 756 707 708
3 757 756 708
3 758 757 708
3 758 708 709
3 759 758 709
3 759 709 710
3 759 710 711
3 760 759 711
3 760 711 712
3 761 760 712
3 761 712 713
3 762 761 713
3 762 713 714
3 762 714 715
3 763 762 715
3 764 763 715
3 764 715 716
3 765 764 716
3 765 716 717
3 766 765 717
3 766 717 718
3 767 766 718
3 767 718 719
3 768 767 719
3 768 719 720
3 769 768 720
3 139 769 720
3 139 720 133
3 149 143 721
3 770 149 721
3 770 721 722
3 771 770 722
3 772 771 722
3 772 722 723
3 773 772 723
3 773 723 724
3 774 773 724
3 774 724 725
3 775 774 725
3 775 725 726
3 776 775 726
3 776 726 727
3 777 776 727
3 777 727 728
3 778 777 728
3 779 778 728
3 779 728 729
3 780 779 729
3 780 729 730
3 780 730 731
3 781 780 731
3 782 781 731
3 782 731 732
3 783 782 732
3 783 732 733
3 784 783 733
3 784 733 734
3 784 734 735
3 785 784 735
3 785 735 736
3 786 785 736
3 786 736 737
3 787 786 737
3 787 737 738
3 788 787 738
3 789 788 738
3 789 738 739
3 789 739 740
3 790 789 740
3 790 740 741
3 791 790 741
3 791 741 742
3 792 791 742
3 792 742 743
3 793 792 743
3 793 743 744
3 793 744 745
3 794 793 745
3 794 745 746
3 795 794 746
3 796 795 746
3 796 746 747
3 796 747 748
3 797 796 748
3 797 748 749
3 798 797 749
3 799 798 749
3 799 749 750
3 800 799 750
3 800 750 751
3 801 800 751
3 801 751 752
3 802 801 752
3 803 802 752
3 804 803 752
3 804 752 753
3 804 753 754
3 805 804 754
3 805 754 755
3 805 755 756
3 806 805 756
3 806 756 757
3 807 806 757
3 807 757 758
3 808 807 758
3 808 758 759
3 809 808 759
3 809 759 760
3 810 809 760
3 810 760 761
3 811 810 761
3 811 761 762
3 812 811 762
3 812 762 763
3 812 763 764
3 813 812 764
3 813 764 765
3 814 813 765
3 814 765 766
3 815 814 766
3 815 766 767
3 816 815 767
3 816 767 768
3 817 816 768
3 817 768 769
3 818 817 769
3 818 769 139
3 145 818 139
3 155 149 770
3 819 155 770
3 819 770 771
3 820 819 771
3 820 771 772
3 820 772 773
3 821 820 773
3 821 773 774
3 822 821 774
3 822 774 775
3 823 822 775
3 823 775 776
3 824 823 776
3 824 776 777
3 825 824 777
3 825 777 778
3 826 825 778
3 826 778 779
3 827 826 779
3 827 779 780
3 827 780 781
3 828 827 781
3 828 781 782
3 829 828 782
3 829 782 783
3 830 829 783
3 830 783 784
3 831 830 784
3 832 831 784
3 832 784 785
3 832 785 786
3 833 832 786
3 833 786 787
3 833 787 788
3 834 833 788
3 834 788 789
3 834 789 790
3 835 834 790
3 835 790 791
3 836 835 791
3 836 791 792
3 837 836 792
3 837 792 793
3 838 837 793
3 839 838 793
3 839 793 794
3 839 794 795
3 840 839 795
3 840 795 796
3 841 840 796
3 842 841 796
3 842 796 797
3 843 842 797
3 844 843 797
3 844 797 798
3 845 844 798
3 846 845 798
3 847 846 798
3 847 798 799
3 848 847 799
3 848 799 800
3 849 848 800
3 849 800 801
3 850 849 801
3 851 850 801
3 851 801 802
3 852 851 802
3 852 802 803
3 853 852 803
3 853 803 804
3 853 804 805
3 854 853 805
3 854 805 806
3 855 854 806
3 855 806 807
3 855 807 808
3 856 855 808
3 856 808 809
3 856 809 810
3 857 856 810
3 857 810 811
3 858 857 811
3 858 811 812
3 859 858 812
3 859 812 813
3 859 813 814
3 859 814 815
3 860 859 815
3 860 815 816
3 860 816 817
3 860 817 818
3 861 860 818
3 255 861 818
3 255 818 145
3 161 155 819
3 862 161 819
3 862 819 820
3 863 862 820
3 863 820 821
3 864 863 821
3 865 864 821
3 865 821 822
3 866 865 822
3 866 822 823
3 866 823 824
3 867 866 824
3 867 824 825
3 868 867 825
3 868 825 826
3 868 826 827
3 869 868 827
3 869 827 828
3 869 828 829
3 870 869 829
3 870 829 830
3 870 830 831
3 871 870 831
3 871 831 832
3 871 832 833
3 872 871 833
3 872 833 834
3 872 834 835
3 873 872 835
3 874 873 835
3 875 874 835
3 875 835 836
3 876 875 836
3 876 836 837
3 876 837 838
3 877 876 838
3 877 838 839
3 878 877 839
3 879 878 839
3 879 839 840
3 880 879 840
3 881 880 840
3 881 840 841
3 881 841 842
3 882 881 842
3 882 842 843
3 883 882 843
3 883 843 844
3 883 844 845
3 884 883 845
3 884 845 846
3 884 846 847
3 885 884 847
3 885 847 848
3 886 885 848
3 886 848 849
3 887 886 849
3 887 849 850
3 887 850 851
3 888 887 851
3 888 851 852
3 889 888 852
3 889 852 853
3 890 889 853
3 890 853 854
3 891 890 854
3 891 854 855
3 892 891 855
3 892 855 856
3 893 892 856
3 894 893 856
3 895 894 856
3 895 856 857
3 896 895 857
3 896 857 858
3 897 896 858
3 897 858 859
3 898 897 859
3 899 898 859
3 899 859 860
3 900 899 860
3 900 860 861
3 900 861 255
3 256 900 255
3 166 161 862
3 901 166 862
3 901 862 863
3 902 901 863
3 902 863 864
3 903 902 864
3 903 864 865
3 904 903 865
3 905 904 865
3 905 865 866
3 906 905 866
3 906 866 867
3 907 906 867
3 908 907 867
3 908 867 868
3 908 868 869
3 909 908 869
3 909 869 870
3 909 870 871
3 910 909 871
3 911 910 871
3 911 871 872
3 912 911 872
3 912 872 873
3 912 873 874
3 912 874 875
3 913 912 875
3 913 875 876
3 914 913 876
3 914 876 877
3 915 914 877
3 915 877 878
3 916 915 878
3 916 878 879
3 917 916 879
3 917 879 880
3 918 917 880
3 918 880 881
3 919 918 881
3 919 881 882
3 919 882 883
3 920 919 883
3 920 883 884
3 921 920 884
3 921 884 885
3 922 921 885
3 922 885 886
3 923 922 886
3 924 923 886
3 924 886 887
3 924 887 888
3 925 924 888
3 925 888 889
3 926 925 889
3 926 889 890
3 927 926 890
3 928 927 890
3 928 890 891
3 929 928 891
3 929 891 892
3 929 892 893
3 930 929 893
3 931 930 893
3 931 893 894
3 931 894 895
3 932 931 895
3 933 932 895
3 933 895 896
3 934 933 896
3 934 896 897
3 935 934 897
3 935 897 898
3 936 935 898
3 936 898 899
3 937 936 899
3 937 899 900
3 937 900 256
3 257 937 256
3 171 166 901
3 938 171 901
3 938 901 902
3 939 938 902
3 939 902 903
3 940 939 903
3 941 940 903
3 941 903 904
3 942 941 904
3 942 904 905
3 943 942 905
3 943 905 906
3 944 943 906
3 944 906 907
3 944 907 908
3 945 944 908
3 945 908 909
3 945 909 910
3 945 910 911
3 946 945 911
3 946 911 912
3 947 946 912
3 947 912 913
3 948 947 913
3 948 913 914
3 949 948 914
3 949 914 915
3 950 949 915
3 950 915 916
3 951 950 916
3 952 951 916
3 952 916 917
3 953 952 917
3 953 917 918
3 954 953 918
3 954 918 919
3 954 919 920
3 955 954 920
3 955 920 921
3 955 921 922
3 956 955 922
3 957 956 922
3 957 922 923
3 958 957 923
3 959 958 923
3 959 923 924
3 959 924 925
3 960 959 925
3 961 960 925
3 961 925 926
3 962 961 926
3 962 926 927
3 963 962 927
3 963 927 928
3 964 963 928
3 964 928 929
3 965 964 929
3 965 929 930
3 965 930 931
3 966 965 931
3 966 931 932
3 967 966 932
3 967 932 933
3 968 967 933
3 968 933 934
3 969 968 934
3 969 934 935
3 970 969 935
3 970 935 936
3 971 970 936
3 971 936 937
3 971 937 257
3 258 971 257
3 175 171 938
3 972 175 938
3 972 938 939
3 973 972 939
3 973 939 940
3 974 973 940
3 974 940 941
3 975 974 941
3 975 941 942
3 976 975 942
3 976 942 943
3 976 943 944
3 977 976 944
3 977 944 945
3 978 977 945
3 978 945 946
3 979 978 946
3 979 946 947
3 979 947 948
3 980 979 948
3 980 948 949
3 981 980 949
3 981 949 950
3 981 950 951
3 982 981 951
3 982 951 952
3 982 952 953
3 983 982 953
3 983 953 954
3 984 983 954
3 984 954 955
3 985 984 955
3 985 955 956
3 985 956 957
3 986 985 957
3 986 957 958
3 987 986 958
3 987 958 959
3 988 987 959
3 989 988 959
3 990 989 959
3 990 959 960
3 991 990 960
3 991 960 961
3 991 961 962
3 992 991 962
3 993 992 962
3 993 962 963
3 994 993 963
3 994 963 964
3 995 994 964
3 995 964 965
3 995 965 966
3 996 995 966
3 996 966 967
3 996 967 968
3 996 968 969
3 997 996 969
3 998 997 969
3 998 969 970
3 999 998 970
3 999 970 971
3 999 971 258
3 173 999 258
3 1000 179 175
3 1000 175 972
3 1000 972 973
3 1001 1000 973
3 1001 973 974
3 1002 1001 974
3 1002 974 975
3 1002 975 976
3 1003 1002 976
3 1004 1003 976
3 1005 1004 976
3 1005 976 977
3 1005 977 978
3 1006 1005 978
3 1006 978 979
3 1007 1006 979
3 1007 979 980
3 1008 1007 980
3 1008 980 981
3 1008 981 982
3 1009 1008 982
3 1009 982 983
3 1010 1009 983
3 1010 983 984
3 1011 1010 984
3 1011 984 985
3 1012 1011 985
3 1012 985 986
3 1013 1012 986
3 1013 986 987
3 1013 987 988
3 1013 988 989
3 1013 989 990
3 1014 1013 990
3 1014 990 991
3 1014 991 992
3 1015 1014 992
3 1015 992 993
3 1016 1015 993
3 1016 993 994
3 1017 1016 994
3 1017 994 995
3 1018 1017 995
3 1018 995 996
3 1019 1018 996
3 1019 996 997
3 1019 997 998
3 1020 1019 998
3 1020 998 999
3 259 1020 999
3 259 999 173
3 183 179 1000
3 1021 183 1000
3 1021 1000 1001
3 1022 1021 1001
3 1022 1001 1002
3 1023 1022 1002
3 1023 1002 1003
3 1024 1023 1003
3 1024 1003 1004
3 1025 1024 1004
3 1025 1004 1005
3 1026 1025 1005
3 1026 1005 1006
3 1027 1026 1006
3 1027 1006 1007
3 1028 1027 1007
3 1028 1007 1008
3 1029 1028 1008
3 1029 1008 1009
3 1030 1029 1009
3 1030 1009 1010
3 1031 1030 1010
3 1032 1031 1010
3 1032 1010 1011
3 1033 1032 1011
3 1033 1011 1012
3 1033 1012 1013
3 1034 1033 1013
3 1034 1013 1014
3 1035 1034 1014
3 1035 1014 1015
3 1035 1015 1016
3 1036 1035 1016
3 1036 1016 1017
3 1037 1036 1017
3 1037 1017 1018
3 1038 1037 1018
3 1038 1018 1019
3 1039 1038 1019
3 1039 1019 1020
3 1039 1020 259
3 260 1039 259
3 1040 187 183
3 1040 183 1021
3 1040 1021 1022
3 1041 1040 1022
3 1041 1022 1023
3 1042 1041 1023
3 1043 1042 1023
3 1043 1023 1024
3 1044 1043 1024
3 1044 1024 1025
3 1044 1025 1026
3 1045 1044 1026
3 1045 1026 1027
3 1045 1027 1028
3 1046 1045 1028
3 1046 1028 1029
3 1046 1029 1030
3 1046 1030 1031
3 1047 1046 1031
3 1047 1031 1032
3 1047 1032 1033
3 1047 1033 1034
3 1048 1047 1034
3 1048 1034 1035
3 1048 1035 1036
3 1049 1048 1036
3 1050 1049 1036
3 1050 1036 1037
3 1051 1050 1037
3 1051 1037 1038
3 1052 1051 1038
3 1052 1038 1039
3 1052 1039 260
3 261 1052 260
3 1053 191 187
3 1053 187 1040
3 1053 1040 1041
3 1054 1053 1041
3 1054 1041 1042
3 1055 1054 1042
3 1055 1042 1043
3 1056 1055 1043
3 1056 1043 1044
3 1057 1056 1044
3 1057 1044 1045
3 1058 1057 1045
3 1058 1045 1046
3 1059 1058 1046
3 1059 1046 1047
3 1060 1059 1047
3 1060 1047 1048
3 1061 1060 1048
3 1061 1048 1049
3 1061 1049 1050
3 1062 1061 1050
3 1063 1062 1050
3 1063 1050 1051
3 1064 1063 1051
3 1064 1051 1052
3 1064 1052 261
3 262 1064 261
3 1065 195 191
3 1065 191 1053
3 1065 1053 1054
3 1066 1065 1054
3 1066 1054 1055
3 1067 1066 1055
3 1067 1055 1056
3 1068 1067 1056
3 1068 1056 1057
3 1068 1057 1058
3 1069 1068 1058
3 1070 1069 1058
3 1071 1070 1058
3 1071 1058 1059
3 1071 1059 1060
3 1072 1071 1060
3 1072 1060 1061
3 1073 1072 1061
3 1073 1061 1062
3 1074 1073 1062
3 1075 1074 1062
3 1075 1062 1063
3 1076 1075 1063
3 1076 1063 1064
3 193 1076 1064
3 193 1064 262
3 1077 199 195
3 1077 195 1065
3 1077 1065 1066
3 1078 1077 1066
3 1078 1066 1067
3 1078 1067 1068
3 1079 1078 1068
3 1079 1068 1069
3 1079 1069 1070
3 1080 1079 1070
3 1080 1070 1071
3 1080 1071 1072
3 1080 1072 1073
3 1081 1080 1073
3 1081 1073 1074
3 1081 1074 1075
3 1082 1081 1075
3 1082 1075 1076
3 1082 1076 193
3 197 1082 193
3 1083 203 199
3 1083 199 1077
3 1083 1077 1078
3 1084 1083 1078
3 1084 1078 1079
3 1085 1084 1079
3 1086 1085 1079
3 1086 1079 1080
3 1087 1086 1080
3 1087 1080 1081
3 1088 1087 1081
3 1088 1081 1082
3 1088 1082 197
3 201 1088 197
3 1089 207 203
3 1089 203 1083
3 1089 1083 1084
3 1090 1089 1084
3 1090 1084 1085
3 1091 1090 1085
3 1092 1091 1085
3 1092 1085 1086
3 1093 1092 1086
3 1093 1086 1087
3 1094 1093 1087
3 1094 1087 1088
3 1094 1088 201
3 205 1094 201
3 1095 211 207
3 1095 207 1089
3 1095 1089 1090
3 1096 1095 1090
3 1096 1090 1091
3 1097 1096 1091
3 1098 1097 1091
3 1098 1091 1092
3 1099 1098 1092
3 1099 1092 1093
3 1100 1099 1093
3 1100 1093 1094
3 1100 1094 205
3 209 1100 205
3 1101 215 211
3 1101 211 1095
3 1101 1095 1096
3 1102 1101 1096
3 1102 1096 1097
3 1103 1102 1097
3 1104 1103 1097
3 1104 1097 1098
3 1105 1104 1098
3 1105 1098 1099
3 1106 1105 1099
3 1106 1099 1100
3 1106 1100 209
3 213 1106 209
3 1107 219 215
3 1107 215 1101
3 1107 1101 1102
3 1108 1107 1102
3 1108 1102 1103
3 1108 1103 1104
3 1108 1104 1105
3 1109 1108 1105
3 1109 1105 1106
3 1109 1106 213
3 217 1109 213
3 1110 223 219
3 1110 219 1107
3 1110 1107 1108
3 1111 1110 1108
3 1112 1111 1108
3 1112 1108 1109
3 1112 1109 217
3 221 1112 217
3 1113 227 223
3 1113 223 1110
3 1113 1110 1111
3 1114 1113 1111
3 1115 1114 1111
3 1115 1111 1112
3 1115 1112 221
3 225 1115 221
3 229 1116 1117
3 229 1117 1118
3 229 1118 230
3 1116 229 227
3 1116 227 1113
3 1116 1113 1114
3 1117 1116 1114
3 1118 1117 1114
3 1118 1114 1115
3 1118 1115 225
3 230 1118 225