52.7513076923 24.8904615385 434.619
76.1115286154 16.8923089231 435.65
76.1115483077 16.8923064615 435.65
94.8140769231 19.6326153846 435.931
98.5307692308 24.2461538462 435.8
46.3855384615 30.7643076923 434.106
49.2160769231 35.4886153846 433.813
100.140384615 29.1230769231 435.5
101.257692308 34.0615384615 435.2
56.3198461538 39.6787692308 433.711
62.4193076923 43.9944615385 433.638
102.375 39.0 434.9
68.312 48.336 433.438
103.492307692 43.9384615385 434.6
77.8379230769 52.2233846154 433.409
104.609615385 48.8769230769 434.3
81.1115384615 56.8923076923 433.19
105.726923077 53.8153846154 434.0
105.859615385 58.8769230769 433.7
78.1033076923 62.3464615385 432.809
105.992307692 63.9384615385 433.4
34.3812307692 72.8898461538 431.038
37.6154615384 77.5636923077 430.788
106.125 69.0 433.1
41.6275384615 82.1403076923 430.561
106.159230769 74.0738461538 432.8
48.5737692308 86.3501538462 430.363
105.898076923 79.1846153846 432.5
63.7316923077 89.5335384615 430.656
104.553846154 84.4307692308 432.2
71.3474615385 93.6596923077 430.569
99.6256153846 90.1249230769 431.731
86.1115483077 96.8923064615 430.85
86.1115286154 96.8923089231 430.85
164.65 -34.8 380.0
-32.2730769231 -10.1846153846 434.9
164.65 -34.8 440.9
-32.2730769231 -10.1846153846 380.0
-31.6480769231 -5.18461538462 380.0
-31.6480769231 -5.18461538462 434.6
165.275 -29.8 380.0
165.275 -29.8 440.6
-31.0230769231 -0.184615384615 380.0
-31.0230769231 -0.184615384615 434.3
165.9 -24.8 380.0
165.9 -24.8 440.3
-30.3980769231 4.81538461538 380.0
-30.3980769231 4.81538461538 434.0
166.525 -19.8 380.0
166.525 -19.8 440.0
-29.7730769231 9.81538461538 380.0
-29.7730769231 9.81538461538 433.7
167.15 -14.8 380.0
167.15 -14.8 439.7
-29.1480769231 14.8153846154 380.0
-29.1480769231 14.8153846154 433.4
167.775 -9.8 380.0
167.775 -9.8 439.4
-28.5230769231 19.8153846154 380.0
-28.5230769231 19.8153846154 433.1
168.4 -4.8 380.0
168.4 -4.8 439.1
-27.8980769231 24.8153846154 380.0
-27.8980769231 24.8153846154 432.8
169.025 0.2 380.0
169.025 0.2 438.8
76.1115286154 16.8923089231 380.0
-27.2730769231 29.8153846154 432.5
-27.2730769231 29.8153846154 380.0
169.65 5.2 380.0
169.65 5.2 438.5
76.1115483077 16.8923064615 380.0
-26.6480769231 34.8153846154 380.0
-26.6480769231 34.8153846154 432.2
52.7513076923 24.8904615385 380.0
170.275 10.2 380.0
94.8140769231 19.6326153846 380.0
170.275 10.2 438.2
-26.0230769231 39.8153846154 380.0
-26.0230769231 39.8153846154 431.9
46.3855384615 30.7643076923 380.0
170.9 15.2 380.0
98.5307692308 24.2461538462 380.0
170.9 15.2 437.9
-25.3980769231 44.8153846154 380.0
-25.3980769231 44.8153846154 431.6
47.2468461539 35.7347692308 380.0
171.525 20.2 380.0
100.140384615 29.1230769231 380.0
171.525 20.2 437.6
-24.7730769231 49.8153846154 380.0
-24.7730769231 49.8153846154 431.3
46.1192307692 40.9538461538 380.0
172.15 25.2 380.0
101.257692308 34.0615384615 380.0
172.15 25.2 437.3
-24.1480769231 54.8153846154 380.0
-24.1480769231 54.8153846154 431.0
43.5737692308 46.3501538462 380.0
172.775 30.2 380.0
102.375 39.0 380.0
172.775 30.2 437.0
-23.5230769231 59.8153846154 380.0
-23.5230769231 59.8153846154 430.7
37.8775384615 52.1403076923 380.0
173.4 35.2 380.0
103.492307692 43.9384615385 380.0
173.4 35.2 436.7
-22.8980769231 64.8153846154 380.0
-22.8980769231 64.8153846154 430.4
35.1154615384 57.5636923077 380.0
174.025 40.2 380.0
104.609615385 48.8769230769 380.0
174.025 40.2 436.4
-22.2730769231 69.8153846154 380.0
-22.2730769231 69.8153846154 430.1
33.1312307692 62.8898461538 380.0
174.65 45.2 380.0
105.726923077 53.8153846154 380.0
174.65 45.2 436.1
-21.6480769231 74.8153846154 380.0
-21.6480769231 74.8153846154 429.8
31.8263846154 68.1310769231 380.0
105.859615385 58.8769230769 380.0
175.275 50.2 380.0
175.275 50.2 435.8
-21.0230769231 79.8153846154 380.0
-21.0230769231 79.8153846154 429.5
34.3812307692 72.8898461538 380.0
105.992307692 63.9384615385 380.0
175.9 55.2 380.0
175.9 55.2 435.5
-20.3980769231 84.8153846154 380.0
-20.3980769231 84.8153846154 429.2
37.6154615384 77.5636923077 380.0
106.125 69.0 380.0
176.525 60.2 380.0
176.525 60.2 435.2
-19.7730769231 89.8153846154 380.0
-19.7730769231 89.8153846154 428.9
41.6275384615 82.1403076923 380.0
106.159230769 74.0738461538 380.0
177.15 65.2 380.0
177.15 65.2 434.9
-19.1480769231 94.8153846154 380.0
-19.1480769231 94.8153846154 428.6
48.5737692308 86.3501538462 380.0
105.898076923 79.1846153846 380.0
177.775 70.2 380.0
177.775 70.2 434.6
-18.5230769231 99.8153846154 380.0
-18.5230769231 99.8153846154 428.3
63.7316923077 89.5335384615 380.0
104.553846154 84.4307692308 380.0
178.4 75.2 380.0
178.4 75.2 434.3
-17.8980769231 104.815384615 380.0
-17.8980769231 104.815384615 428.0
71.3474615385 93.6596923077 380.0
99.6256153846 90.1249230769 380.0
179.025 80.2 380.0
179.025 80.2 434.0
86.1115286154 96.8923089231 380.0
-17.2730769231 109.815384615 427.7
-17.2730769231 109.815384615 380.0
179.65 85.2 380.0
179.65 85.2 433.7
86.1115483077 96.8923064615 380.0
-16.6480769231 114.815384615 380.0
-16.6480769231 114.815384615 427.4
180.275 90.2 380.0
180.275 90.2 433.4
-16.0230769231 119.815384615 380.0
-16.0230769231 119.815384615 427.1
180.9 95.2 380.0
180.9 95.2 433.1
-15.3980769231 124.815384615 380.0
-15.3980769231 124.815384615 426.8
181.525 100.2 380.0
181.525 100.2 432.8
-14.7730769231 129.815384615 380.0
-14.7730769231 129.815384615 426.5
182.15 105.2 380.0
182.15 105.2 432.5
-14.1480769231 134.815384615 380.0
-14.1480769231 134.815384615 426.2
182.775 110.2 380.0
182.775 110.2 432.2
-13.5230769231 139.815384615 380.0
-13.5230769231 139.815384615 425.9
183.4 115.2 380.0
183.4 115.2 431.9
-12.8980769231 144.815384615 380.0
-12.8980769231 144.815384615 425.6
184.025 120.2 380.0
184.025 120.2 431.6
-12.2730769231 149.815384615 380.0
-12.2730769231 149.815384615 425.3
184.65 125.2 380.0
184.65 125.2 431.3
-11.6480769231 154.815384615 380.0
-11.6480769231 154.815384615 425.0
185.275 130.2 380.0
185.275 130.2 431.0
-11.0230769231 159.815384615 380.0
-11.0230769231 159.815384615 424.7
185.9 135.2 380.0
185.9 135.2 430.7
-10.3980769231 164.815384615 380.0
-10.3980769231 164.815384615 424.4
186.525 140.2 380.0
186.525 140.2 430.4
-9.77307692308 169.815384615 380.0
-9.77307692308 169.815384615 424.1
187.15 145.2 380.0
187.15 145.2 430.1
-9.14807692308 174.815384615 380.0
-9.14807692308 174.815384615 423.8
187.775 150.2 380.0
187.775 150.2 429.8
-8.52307692308 179.815384615 380.0
-8.52307692308 179.815384615 423.5
188.4 155.2 380.0
188.4 155.2 429.5
-7.89807692308 184.815384615 380.0
-7.89807692308 184.815384615 423.2
189.025 160.2 380.0
189.025 160.2 429.2
189.65 165.2 380.0
189.65 165.2 428.9
-7.27307692308 189.815384615 422.9
-7.27307692308 189.815384615 380.0
47.2468461539 35.7347692308 406.0
46.1192307692 40.9538461538 403.0
52.3813846154 40.1710769231 407.0
43.5737692308 46.3501538462 403.5
50.4483538461 45.4908307692 405.229
56.3908227692 44.7480221538 409.012741
60.2302812307 44.2680898462 416.211944
37.8775384615 52.1403076923 405.0
54.7580996923 50.0302375385 408.35994
60.633984 49.295752 411.262573
66.3014153846 48.5873230769 416.0
35.1154615384 57.5636923077 410.0
62.5931230769 54.1289846154 412.0
69.855144 53.221232 414.895106
75.9927538461 52.4540307692 420.0
33.1312307692 62.8898461538 415.0
54.7917846154 60.1822769231 416.0
72.6515064615 57.9498116923 418.458838
79.1019384615 57.1435076923 422.0
31.8263846154 68.1310769231 420.0
73.1802307692 62.9618461538 422.0
34.3812307692 72.8898461538 415.0
149.591669662 58.4885412923 434.698418
-18.5230769231 99.8153846154 428.3
-17.8980769231 104.815384615 428.0
-17.2730769231 109.815384615 427.7
-16.6480769231 114.815384615 427.4
-15.3980769231 124.815384615 426.8
-14.7730769231 129.815384615 426.5
-14.1480769231 134.815384615 426.2
-13.5230769231 139.815384615 425.9
-32.2730769231 -10.1846153846 447.0
164.65 -34.8 456.0
165.275 -29.8 456.0
-31.6480769231 -5.18461538462 447.0
165.9 -24.8 456.0
-31.0230769231 -0.184615384615 447.0
166.525 -19.8 456.0
64.5284658462 -7.05043323077 452.042328
64.5281803077 -7.05039753846 452.04231
62.4567464615 -6.79146830769 451.933907
61.3485273846 -6.65294092308 451.882168
-30.3980769231 4.81538461538 447.0
167.15 -14.8 456.0
98.9587443692 -6.27609304615 453.139957
69.1341122462 -2.54801403077 451.605537
45.2945316923 0.431933538458 450.413801
-29.7730769231 9.81538461538 446.0
167.775 -9.8 456.0
111.922322092 -2.81841526154 453.216536
108.297314831 -2.36528935384 453.107885
89.2200707692 0.0193661538454 452.084518
64.1574295384 3.1521963077 450.664467
46.9724596923 5.30031753846 449.814938
29.5410750769 7.47924061539 449.010443
-29.1480769231 14.8153846154 446.0
168.4 -4.8 455.0
124.727201477 0.659099815385 453.281717
115.847670154 1.76904123077 452.995543
102.240088615 3.46998892308 452.271505
90.0475273846 4.99405907692 451.53624
65.2958129231 8.08802338462 450.088974
47.8105540923 10.2736807385 449.20175
34.5521723077 11.9309784615 448.595638
27.6031803077 12.7996024615 448.363108
15.4827716923 14.3146535385 447.774162
-28.5230769231 19.8153846154 446.0
169.025 0.2 454.5
136.617477538 4.2509403077 453.369738
125.202125415 5.67785932308 452.96249
119.506069292 6.38986633846 452.64345
106.505156554 8.01498043077 452.18348
95.0492806154 9.44696492308 451.31618
83.9392803692 10.8357149538 450.619654
69.8642172308 12.5950978462 449.736881
65.7411501538 13.1104812308 449.479412
60.6291452308 13.7494818462 449.432638
48.998888 15.203264 448.717623
42.7233729231 15.9877033846 448.346394
35.9572141538 16.8334732308 448.023489
23.4312621538 18.3992172308 447.598114
8.03252738462 20.3240590769 446.808702
0.803471384599 21.2276910769 446.473427
-27.8980769231 24.8153846154 445.0
169.65 5.2 455.5
138.105664246 9.14304196923 453.366898
133.896596923 9.66917538462 452.909271
125.105788308 10.7680264615 452.600767
112.835178585 12.3018526769 452.195166
104.40392 13.35576 451.550606
98.9444147692 14.0381981538 451.240152
95.6483064615 14.4502116923 450.947002
85.6547655385 15.6994043077 450.329586
73.9599864615 17.1612516923 449.62351
70.5151716923 17.5918535385 449.420444
66.3066301538 18.1179212308 448.966764
58.4211507692 19.1036061538 448.846539
48.012496 20.404688 448.219633
39.6018030769 21.4560246154 447.715574
34.5575889231 22.0865513846 447.39308
21.267536 23.747808 446.914455
8.97661169229 25.2841735385 446.368895
0.0422609230647 26.4009673846 445.990275
-3.12983507692 26.7974793846 445.663256
-27.2730769231 29.8153846154 444.5
170.275 10.2 456.0
139.609665846 14.0331667692 453.33719
136.627790646 14.4059011692 453.012035
130.789802215 15.1356497231 452.557095
125.829868185 15.7556414769 452.399525
118.628555692 16.6558055385 452.161629
114.983210215 17.1114737231 451.88065
108.463498708 17.9264376615 451.483528
101.057572308 18.8521784615 451.05382
94.3162947693 19.6948381538 450.450104
86.2797704615 20.6994036923 450.019026
74.9927058462 22.1102867692 449.333654
71.9556104615 22.4899236923 449.006363
61.6313667692 23.7804541538 448.469864
54.9920461538 24.6103692308 448.228083
48.8648043077 25.3762744615 447.844494
40.298424 26.447072 447.406609
36.4801249231 26.9243593846 447.067982
31.2994332308 27.5719458462 446.775148
25.4178529231 28.3071433846 446.532791
14.8627169231 29.6265353846 446.02358
3.11887446155 31.0945156923 445.64496
-2.46039938462 31.7919249231 445.080233
-26.6480769231 34.8153846154 444.0
170.9 15.2 455.0
141.069061415 18.9288673231 453.311945
139.166493046 19.1666883692 453.104588
135.708943262 19.5988820923 452.829062
132.848197415 19.9564753231 452.692255
126.4603328 20.7549584 452.205217
124.484574031 21.0019282462 452.13691
115.981787077 22.0647766154 451.61527
111.166173046 22.6667283692 451.32683
103.015987692 23.6855015385 450.830763
98.8438670769 24.2070166154 450.4809
93.6392492307 24.8575938462 450.147385
87.5322609231 25.6209673846 449.764107
79.7477735385 26.5940283077 449.276886
78.8336073846 26.7082990769 449.190262
67.3096827077 28.1487896615 448.73551
64.4996553846 28.5000430769 448.278673
57.4367729231 29.3829033846 447.893501
50.2427987692 30.2821501538 447.49398
43.5745796923 31.1156775385 447.406607
29.9203273846 32.8224590769 446.223564
24.11216 33.54848 445.867002
8.13896123079 35.5451298462 445.077773
3.07507446156 36.1781156923 444.988359
-1.84309907693 36.7928873846 444.508002
-26.0230769231 39.8153846154 443.0
171.525 20.2 455.0
142.551562954 23.8216796308 453.288094
141.703765785 23.9276542769 453.195974
140.172934031 24.1190082462 453.076857
134.544588923 24.8225513846 452.7909
130.701551385 25.3029310769 452.498796
126.904692308 25.7775384615 452.176989
120.428936 26.587008 451.728212
116.526085046 27.0748643692 451.467737
112.245797538 27.6099003077 451.199455
107.272879385 28.2315150769 450.89143
103.578651692 28.6932935385 450.602234
96.4147181538 29.5887852308 450.13525
88.1572609231 30.6209673846 449.764107
85.3427437539 30.9727820308 449.51956
78.4908978462 31.8292627692 448.850515
68.269192 33.106976 448.274426
59.3520523077 34.2216184615 447.553755
49.6491993846 35.4344750769 446.972229
38.0631021539 36.8827372308 446.223011
24.6091304615 38.5644836923 445.280386
13.1638824615 39.9951396923 444.683134
6.18287076921 40.8677661538 444.401278
2.92297661539 41.2752529231 444.340051
-1.07932738461 41.7755409231 443.916068
-25.3980769231 44.8153846154 442.5
172.15 25.2 455.0
143.729740554 28.7525324308 453.306946
143.654328862 28.7619588923 453.286304
141.272151385 29.0597310769 453.15031
136.723554215 29.6283057231 452.925537
134.314371692 29.9294535385 452.746197
131.284134154 30.3082332308 452.481565
123.843678277 31.2382902154 451.905174
121.139392738 31.5763259077 451.769459
117.155375015 32.0743281231 451.55044
112.878470646 32.6089411692 451.19166
108.584884923 33.1456393846 450.850983
100.526566154 34.1529292308 450.199707
96.4892590769 34.6575926154 450.001074
89.1137218462 35.5795347692 449.59579
87.0656923077 35.8355384615 449.51956
81.9954104616 36.4693236923 448.955713
76.6365230769 37.1391846154 448.424417
69.0353819077 38.0893272615 447.917913
61.4271643077 39.0403544615 447.343359
54.5891227077 39.8951096615 446.746576
48.0002557538 40.7187180308 446.35211
40.9699384615 41.5975076923 445.89194
28.0573870769 43.2115766154 445.037474
21.4310535384 44.0398683077 444.480297
13.0282572308 45.0902178462 444.07617
7.43264861537 45.7896689231 443.794313
2.80437538463 46.3682030769 443.6699295
-0.360080000013 46.76376 443.352314
-24.7730769231 49.8153846154 441.0
172.775 30.2 456.0
143.758118769 33.8271101538 453.491037
143.289802215 33.8856497231 453.356298
138.1192048 34.5319744 453.04336
134.338392 35.004576 452.671648
131.899952615 35.3093809231 452.45361
124.468678277 36.2382902154 451.905174
121.764392738 36.5763259077 451.769459
117.5615344 37.1016832 451.410522
114.034514092 37.5425607385 451.120691
109.335649846 38.1299187692 450.76582
105.721333538 38.5817083077 450.483566
101.781404923 39.0741993846 450.134325
97.7012020923 39.5842247385 449.816563
92.78524 40.19872 449.553211
86.7264348307 40.9560706462 449.235695
82.7182369231 41.4570953846 448.884747
71.8672476308 42.8134690462 447.77153
69.0175403077 43.1696824615 447.59147
61.8704929231 44.0630633846 447.016916
55.7731144616 44.8252356923 446.505291
51.1547070769 45.4025366154 446.03986
43.1042061539 46.4088492308 445.551305
28.8361052308 48.1923618462 444.554906
25.9215747692 48.5566781538 444.339752
22.9504387692 48.9280701538 444.168048
15.6097175384 49.8456603077 443.551023
5.35752799998 51.127184 443.066122
2.8904166154 51.4355729231 443.025059
0.256373538478 51.7648283077 442.766054
-24.1480769231 54.8153846154 440.0
173.4 35.2 457.0
143.764173785 38.9044782769 453.657312
142.948777354 39.0064028308 453.435343
139.510929723 39.4361337846 453.235846
133.826217354 40.1467228308 452.645397
132.723091692 40.2846135385 452.488605
127.029376 40.996328 452.034796
122.538294154 41.5577132308 451.693846
118.558782031 42.0551522462 451.388918
114.627606646 42.5465491692 451.099085
111.736817231 42.9078978462 450.884638
107.186560985 43.4766798769 450.483562
102.608487385 44.0489390769 450.112719
100.347072 44.331616 449.924137
93.4421513846 45.1947310769 449.510002
89.1063384615 45.7367076923 449.257298
85.9383640615 46.1327044923 449.057577
73.8642658462 47.6419667692 447.803936
69.8446326154 48.1444209231 447.321423
62.7507584 49.0311552 446.725264
37.1122166154 52.2359729231 444.694057
29.2256246154 53.2217969231 444.131833
25.8945427692 53.6381821538 443.861496
20.7319089231 54.2835113846 443.52424
10.9461415385 55.5067323077 442.704875
4.67850338461 56.2901870769 442.403918
2.62794338459 56.5465070769 442.362855
1.00816246157 56.7489796923 442.195824
-23.5230769231 59.8153846154 439.0
174.025 40.2 458.0
143.798595569 43.9783005538 453.835382
142.620821292 44.1255223385 453.521645
140.986632492 44.3297959385 453.421337
138.826939692 44.5997575385 453.199087
136.8892688 44.8419664 452.984726
134.548741538 45.1345323077 452.628538
132.463803692 45.3951495385 452.462364
130.922283938 45.5878395077 452.338884
129.333987077 45.7863766154 452.211096
127.674061415 45.9938673231 452.088104
125.702528615 46.2403089231 451.93563
124.201517908 46.4279352615 451.823406
123.097686277 46.5659142154 451.740492
121.467953846 46.7696307692 451.61926
116.313656738 47.4139179077 451.233612
115.839908062 47.4731364923 451.198217
115.283203569 47.5427245538 451.156368
115.089295385 47.5669630769 451.141712
114.782733415 47.6052833231 451.114994
114.603358154 47.6277052308 451.099087
114.527306462 47.6372116923 451.092447
114.481866462 47.6428916923 451.088465
114.447326154 47.6472092308 451.085438
114.336315692 47.6610855385 451.075657
114.269268308 47.6694664615 451.06976
114.228079877 47.6746150154 451.06615
114.161733538 47.6829083077 451.060295
114.157411077 47.6834486154 451.059933
114.132155692 47.6866055385 451.057716
114.093209231 47.6914738462 451.054285
114.058860923 47.6957673846 451.051268
114.040192615 47.6981009231 451.049627
104.660682462 48.8705396923 450.227535
103.233477538 49.0489403077 450.03187
94.073384 50.193952 449.459293
90.6363476923 50.6235815385 449.111504
83.8268953846 51.4747630769 448.699743
70.7122713846 53.1140910769 447.185818
52.2446184615 55.4225476923 445.548031
37.5281532308 57.2621058462 444.416361
30.1783538461 58.1808307692 443.773387
25.2070898462 58.8022387692 443.396879
22.7759661539 59.1061292308 443.17021
19.025064 59.574992 442.922564
6.46088923078 61.1455138462 441.865873
1.709992 61.739376 441.613087
-22.8980769231 64.8153846154 440.0
174.65 45.2 459.0
143.810428308 49.0549464615 454.014664
142.324998154 49.2406252308 453.6142
140.129364923 49.5150793846 453.36739
136.491627569 49.9697965538 452.806185
131.987217969 50.5328477538 452.432817
127.610850708 51.0798936615 452.115673
121.613773046 51.8295283692 451.64423
112.343892923 52.9882633846 450.886581
107.545271385 53.5880910769 450.437452
103.217424 54.129072 450.006956
99.8252566154 54.5530929231 449.686277
99.5291089231 54.5901113846 449.603249
96.067088 55.022864 449.323833
90.7005796923 55.6936775385 449.008204
82.4814003692 56.7210749538 448.409569
79.6614166154 57.0735729231 448.088955
75.7488504616 57.5626436923 447.648481
70.5881464615 58.2077316923 447.10435
64.0784209231 59.0214473846 446.469728
59.0244738461 59.6531907692 446.020548
54.2676738462 60.2477907692 445.545629
51.2270141539 60.6278732308 445.248024
45.8314104615 61.3023236923 444.812427
41.6764910769 61.8216886154 444.490456
35.5809636923 62.5836295385 443.903564
27.2961243077 63.6192344615 443.161722
25.4550313846 63.8493710769 442.97509
22.6392578461 64.2013427692 442.769937
18.9722055385 64.6597243077 442.4354515
17.1956147693 64.8817981538 442.313687
11.1994153846 65.6313230769 441.79928
6.98951507692 66.1575606154 441.44157
2.39207999999 66.73224 441.041035
-22.2730769231 69.8153846154 438.0
175.275 50.2 459.0
143.8472112 54.1284736 454.188105
142.879544985 54.2494318769 453.936232
141.299207754 54.4469740308 453.729828
138.850118769 54.7531101538 453.282017
132.354542154 55.5650572308 452.551777
129.819896 55.881888 452.332132
128.891768 55.997904 452.21084
122.379326892 56.8119591385 451.715603
112.968892923 57.9882633846 450.886581
108.170271385 58.5880910769 450.437452
103.842424 59.129072 450.006956
100.659280615 59.5269649231 449.69971
97.5803331692 59.9118333538 449.404655
94.7853507692 60.2612061538 449.03516
89.4543673846 60.9275790769 448.695473
83.4287476923 61.6807815385 448.275133
80.7936747077 62.0101656615 448.088955
76.8103796923 62.5080775385 447.648481
71.6173212308 63.1572098462 447.071508
64.9297643077 63.9931544615 446.42047
60.2153273846 64.5824590769 445.95487
56.8378455384 65.0046443077 445.571584
54.9735048616 65.2376868923 445.365013
48.7802898461 66.0118387692 444.821115
45.825912 66.381136 444.549713
42.6410061538 66.7792492308 444.244162
38.8250307692 67.2562461538 443.854306
34.5657618461 67.7886547692 443.440856
29.4502516923 68.4280935385 443.000717
24.7069458462 69.0210067692 442.589779
20.9200461538 69.4943692308 442.21167
18.0338824615 69.8551396923 441.933433
15.1652646154 70.2137169231 441.67157
11.8589064615 70.6270116923 441.355637
9.25580984618 70.9523987692 441.12544
8.59225784615 71.0353427692 441.023727
2.95537415382 71.7399532308 440.486792
-21.6480769231 74.8153846154 438.0
175.9 55.2 458.0
143.814934154 59.2106332308 454.331211
141.217521723 59.5353097846 453.90913
133.926131692 60.4467335385 453.030235
125.917949538 61.4477563077 452.198555
118.760344123 62.3424569846 451.342583
116.832730092 62.5834087385 451.152393
114.431682462 62.8835396923 450.958136
112.339443692 63.1450695385 450.782185
110.032564677 63.4334294154 450.53655
107.777021538 63.7153723077 450.328592
106.236984615 63.9078769231 450.179049
104.467424 64.129072 450.006956
103.393917538 64.2632603077 449.915266
102.603517538 64.3620603077 449.857498
101.400420923 64.5124473846 449.72693
98.4107948308 64.8861506462 449.332085
97.5009747692 64.9998781538 449.284016
93.7400295385 65.4699963077 448.899086
90.1240295384 65.9219963077 448.523111
84.0716184616 66.6785476923 448.084627
79.6760738462 67.2279907692 447.798594
79.218843077 67.2851446154 447.745272
72.0789636923 68.1776295385 446.919415
68.7817723077 68.5897784615 446.57842
65.1599630769 69.0425046154 446.19924
60.7858781538 69.5892652308 445.664507
59.4096753231 69.7612905846 445.488622
55.3393255384 70.2700843077 445.110218
51.5959606154 70.7380049231 444.770458
49.0513403077 71.0560824615 444.516923
47.2269169231 71.2841353846 444.328483
44.7771643077 71.5903544615 444.105892
42.5521895385 71.8684763077 443.891318
40.1579692308 72.1677538462 443.660729
37.0694966154 72.5538129231 443.357894
32.0893907693 73.1763261538 442.859641
28.0405932308 73.6824258462 442.491025
21.9478818461 74.4440147692 441.920933
20.7484824616 74.5939396923 441.761978
18.8633870769 74.8295766154 441.55268
17.0580849231 75.0552393846 441.318507
14.2152541538 75.4105932308 441.037188
10.2148012308 75.9106498462 440.675458
8.18115692305 76.1648553846 440.400676
3.53948307691 76.7450646154 439.926045
-21.0230769231 79.8153846154 437.0
176.525 60.2 458.0
143.896093662 64.2786132923 454.538761
138.1823696 64.9928288 453.835276
135.496460923 65.3285673846 453.49798
130.663643692 65.9326695385 452.986336
125.372468308 66.5940664615 452.401163
119.167476308 67.3696904615 451.686691
114.612800123 67.9390249846 451.19189
113.506966769 68.0772541538 451.01594
110.694678769 68.4287901538 450.659075
108.384712 68.717536 450.363771
107.255939077 68.8586326154 450.245005
105.317556308 69.1009304615 450.068518
104.682031385 69.1803710769 449.989271
103.866282462 69.2823396923 449.88157
103.317605538 69.3509243077 449.80975
101.961770462 69.5204036923 449.634691
100.369450462 69.7194436923 449.532871
98.9013446154 69.9029569231 449.389587
96.8946147692 70.1537981538 449.104332
95.3422898462 70.3478387692 448.921644
91.1266147692 70.8747981538 448.477997
88.8268781538 71.1622652308 448.20115
86.1243540923 71.5000807385 447.975304
82.3935538462 71.9664307692 447.726645
78.6812387692 72.4304701538 447.351816
74.0980510769 73.0033686154 446.811022
72.1917214769 73.2416598154 446.550177
66.9354763077 73.8986904615 446.062847
63.1051452308 74.3774818462 445.534146
58.4150972308 74.9637378462 444.981156
52.4353606154 75.7112049231 444.4015045
49.5036190769 76.0776726154 444.166115
47.4409975385 76.3355003077 444.001867
45.2675181538 76.6071852308 443.788626
43.2743809231 76.8563273846 443.619877
40.8157569231 77.1636553846 443.394298
37.6073581539 77.5647052308 443.030461
32.9496547692 78.1469181538 442.470262
29.3887932307 78.5920258462 442.083946
24.9254923077 79.1499384615 441.637748
21.2340412308 79.6113698462 441.319502
19.8891846154 79.7794769231 441.1633005
18.4437790769 79.9601526154 441.007316
16.006728 80.264784 440.694182
10.4794516923 80.9556935385 440.146834
7.68509353846 81.3049883077 439.750062
4.08440430772 81.7550744615 439.397422
-20.3980769231 84.8153846154 437.0
177.15 65.2 459.0
144.218859077 69.3163926154 454.983402
137.254353477 70.1869558154 454.081882
134.006216615 70.5929729231 453.798658
127.889229538 71.3575963077 453.090668
125.941435815 71.6010705231 452.809013
116.600200615 72.7687249231 451.809612
113.603828923 73.1432713846 451.314812
110.529056246 73.5276179692 450.92259
109.702044308 73.6309944615 450.808426
108.915399631 73.7293250462 450.681332
107.049992615 73.9625009231 450.481916
106.428926769 74.0401341538 450.335674
104.510974769 74.2798781538 450.036722
104.006733538 74.3429083077 449.971205
103.303304615 74.4308369231 449.820427
102.123632985 74.5782958769 449.748219
100.440830769 74.7886461538 449.473396
100.065294523 74.8355881846 449.380827
98.5848110769 75.0206486154 449.175268
97.6646289231 75.1356713846 449.013435
94.9214215385 75.4785723077 448.662703
92.1094978461 75.8300627692 448.324102
90.6291286154 76.0151089231 448.19779
89.0890916923 76.2076135385 448.046782
80.4255593846 77.2905550769 447.173656
76.9951101539 77.7193612308 446.81102
72.9253009231 78.2280873846 446.236282
69.7322916923 78.6272135385 445.969528
63.9389575385 79.3513803077 445.152378
58.4303150769 80.0399606154 444.650291
50.5086412308 81.0301698462 443.772699
48.6492443077 81.2625944615 443.617337
47.5248332308 81.4031458462 443.49902
45.2247027692 81.6906621538 443.285778
44.1555876923 81.8243015385 443.176901
40.8817612308 82.2335298462 442.82653
40.1436738461 82.3257907692 442.769595
32.3886461538 83.2951692308 441.864132
28.2913956923 83.8073255385 441.439455
25.4749821539 84.1593772308 441.15438
20.1701895385 84.8224763077 440.710458
19.0761833846 84.9592270769 440.572899
18.4446412308 85.0381698462 440.510136
14.7369735385 85.5016283077 440.018327
10.9720701539 85.9722412308 439.65325
6.93609230771 86.4767384615 439.08099
4.65296615385 86.7621292308 438.862164
-19.7730769231 89.8153846154 436.0
177.775 70.2 459.0
144.5577072 74.3521616 455.424093
141.334682954 74.7550396308 455.009853
137.144073231 75.2788658462 454.592651
132.064246523 75.9138441846 454.175022
128.061185354 76.4142268308 453.676497
122.693295631 77.0852130462 452.847641
118.424631508 77.6187960615 452.383549
113.870556923 78.1880553846 451.62677
112.329722462 78.3806596923 451.432486
110.9702 78.5506 451.239527
109.517641231 78.7321698462 451.004917
108.721855385 78.8316430769 450.932625
107.409589538 78.9956763077 450.610626
105.404672369 79.2462909538 450.322924
103.668966769 79.4632541538 449.963827
103.1414 79.5292 449.931011
102.439295385 79.6169630769 449.814938
101.248614769 79.7657981538 449.520443
100.627332308 79.8434584615 449.43509
99.2098209231 80.0206473846 449.18302
96.4787489231 80.3620313846 448.697536
94.1344830769 80.6550646154 448.401466
90.8026529231 81.0715433846 447.912796
85.3929160616 81.7477604923 447.358505
81.7993593846 82.1969550769 446.992796
77.2548473846 82.7650190769 446.45624
73.5095083077 83.2331864615 445.981237
69.9475046154 83.6784369231 445.504608
65.1408486154 84.2792689231 445.025331
61.8436966154 84.6914129231 444.668442
55.9239033846 85.4313870769 443.977526
52.5253852308 85.8562018462 443.453306
50.9403218461 86.0543347692 443.277556
50.1839206154 86.1488849231 443.2204
45.909912 86.683136 442.769312
44.2854541538 86.8861932308 442.612865
39.9745224615 87.4250596923 442.112991
38.1123292307 87.6578338462 442.001692
33.0069606154 88.2960049231 441.402031
27.2302418462 89.0180947692 440.780281
22.1790369231 89.6494953846 440.352498
19.1759501539 90.0248812308 440.098853
16.1080855384 90.4083643077 439.696265
13.2015796923 90.7716775385 439.314109
11.5480658461 90.9783667692 439.16208
6.42487569234 91.6187655385 438.43004
5.21993292306 91.7693833846 438.3130865
-19.1480769231 94.8153846154 436.0
178.4 75.2 460.0
144.718314338 79.4102107077 455.847017
138.228775385 80.2214030769 455.198534
131.662286769 81.0422141538 454.72685
123.534887385 82.0581390769 453.529448
120.567522462 82.4290596923 453.068598
114.720131938 83.1599835077 452.08193
113.635702154 83.2955372308 451.87757
111.926971077 83.5091286154 451.63287
110.375232985 83.7030958769 451.381193
108.977998769 83.8777501538 451.050705
107.392240246 84.0759699692 450.759396
106.176487385 84.2279390769 450.5923
104.339964062 84.4575044923 450.20384
102.991350154 84.6260812308 449.879694
100.813243077 84.8983446154 449.459185
96.34944 85.45632 448.658716
95.9685415385 85.5039323077 448.542088
91.0096935385 86.1237883077 447.821625
89.5288516923 86.3088935385 447.479755
88.0045686154 86.4994289231 447.254139
78.9398153846 87.6325230769 446.2694
77.2176443077 87.8477944615 446.005377
75.6344024615 88.0456996923 446.282436
74.2005956923 88.2249255385 445.755567
72.6415852308 88.4198018462 445.91459
71.2329747692 88.5958781538 445.306383
69.8952861538 88.7630892308 445.177461
67.0109243077 89.1236344615 444.8363695
63.5264 89.5592 444.47931
58.0233403077 90.2470824615 443.790547
57.3698855385 90.3287643077 443.698071
54.0845095385 90.7394363077 443.194389
51.7858363077 91.0267704615 442.844146
51.2358006154 91.0955249231 442.772742
45.6473993846 91.7940750769 442.180389
43.1984246154 92.1001969231 441.880853
31.0173046154 93.6228369231 440.547365
25.6383704615 94.2952036923 439.976913
21.0309513846 94.8711310769 439.68297
18.6691150769 95.1663606154 439.534231
5.82860799999 96.771424 437.772805
-18.5230769231 99.8153846154 434.0
179.025 80.2 460.0
143.958080615 84.5833649231 456.248983
139.453839385 85.1463950769 455.807972
131.964805538 86.0825243077 455.278172
124.422201723 87.0253497846 454.231096
117.836534769 87.8485581538 453.012268
112.165135385 88.5574830769 451.929249
111.675082462 88.6187396923 451.805283
106.626644308 89.2497944615 450.80848
105.630390769 89.3743261538 450.5698
99.4428904615 90.1477636923 449.339243
98.2150258461 90.3012467692 449.073149
97.7422332307 90.3603458462 448.905779
97.2673630769 90.4197046154 448.846245
94.0865138461 90.8173107692 448.120344
89.7868363077 91.3547704615 447.124748
86.537192 91.760976 446.622387
84.1479735385 92.0596283077 446.155504
81.7209812923 92.3630023385 445.865921
78.694824 92.741272 445.519337
74.8112892308 93.2267138462 445.146845
73.9510504615 93.3342436923 445.082916
68.5837643077 94.0051544615 444.438364
66.0094726154 94.3269409231 444.22196
61.9411255385 94.8354843077 443.765768
57.8018221538 95.3528972308 443.212818
55.0001187692 95.7031101538 442.808142
50.7034443077 96.2401944615 442.250046
48.7925323077 96.4790584615 442.053071
42.0471883077 97.3222264615 441.187187
39.4281113846 97.6496110769 440.850529
35.7183661538 98.1133292308 440.467889
32.6236018462 98.5001747692 440.122507
26.9693396923 99.2069575385 439.458124
21.9887316923 99.8295335385 439.1366415
20.0471883077 100.072226462 438.920501
18.6812313846 100.242971077 440.063292
8.72887692308 101.487015385 438.638443
-17.8980769231 104.815384615 434.0
179.65 85.2 460.0
143.185960615 89.7580049231 456.614483
138.039599508 90.4013000615 456.225534
131.043926892 91.2757591385 455.328278
128.600157785 91.5812302769 455.123512
119.0345888 92.7769264 453.710682
117.255979569 92.9992525538 453.229536
116.259309538 93.1238363077 453.037725
107.129251692 94.2650935385 450.584723
105.155678769 94.5117901538 450.191929
101.321063631 94.9911170462 449.253843
98.7899335384 95.3075083077 448.307571
94.6870422154 95.8203697231 447.74742
93.242379077 96.0009526154 447.403513
88.1142855385 96.6419643077 446.195528
86.5313390769 96.8398326154 445.868029
82.3708664616 97.3598916923 445.175044
81.0085821539 97.5301772308 444.903829
75.0694865231 98.2725641846 444.274063
70.5203015385 98.8412123077 443.986614
69.3523704615 98.9872036923 443.862934
64.738896 99.563888 443.267318
59.2527864616 100.249651692 442.644066
56.2414436923 100.626069538 442.242268
54.4995852308 100.843801846 442.081849
50.9823618461 101.283454769 441.753326
48.7133846154 101.567076923 441.492206
45.3187458461 101.991406769 441.012659
40.7143298461 102.566958769 440.394843
35.1191938462 103.266350769 439.7491045
31.8331778462 103.677102769 439.384295
28.1366461538 104.139169231 438.938851
24.9222806154 104.540964923 438.727518
21.7102584615 104.942467692 438.322548
18.934736 105.289408 440.611279
11.7553538462 106.186830769 439.58258
-17.2730769231 109.815384615 434.0
180.275 90.2 463.0
142.291958031 94.9478802462 456.949026
139.150677538 95.3405403077 456.443674
134.383240738 95.9364699077 455.849377
129.754502769 96.5150621538 455.219294
126.751494769 96.8904381538 454.96363
119.168505969 97.8383117538 453.16098
108.242123692 99.2041095385 450.401226
98.7115784615 100.395427692 447.36007
97.2603046154 100.576836923 447.134964
96.2550024615 100.702499692 446.952963
91.3149212308 101.320009846 446.174517
89.6078443077 101.533394462 445.794489
86.4610627692 101.926742154 445.164539
84.7574221538 102.139697231 444.746247
82.7386494769 102.392043815 444.347602
75.9138233846 103.245147077 443.482354
69.1084966154 104.095812923 443.011992
66.1603809231 104.464327385 442.679011
63.3429827692 104.816502154 442.244858
60.6875341539 105.148433231 441.945325
57.2554209231 105.577447385 441.472532
54.3032978461 105.946462769 441.245235
52.9792855385 106.111964308 441.049979
48.3570578462 106.689742769 440.501548
47.2410750769 106.829240615 440.418076
41.5887427692 107.535782154 439.783954
37.639352 108.029456 439.395911
29.4072584615 109.058467692 438.418625
28.160696 109.214288 438.33436
23.3382172308 109.817097846 437.7233505
19.1829926154 110.336500923 441.162251
14.8226135385 110.881548308 440.552663
-16.6480769231 114.815384615 434.0
180.9 95.2 463.5
141.241458708 100.157317662 457.153328
136.401469538 100.762316308 456.383442
131.889336615 101.326332923 455.760296
126.460546462 102.004931692 453.927853
106.464130462 104.504483692 448.85024
104.537956923 104.745255385 448.437056
97.3845193846 105.639435077 446.148766
94.7179012923 105.972762338 445.73846
87.9243544615 106.821955692 444.595501
85.3132824615 107.148339692 444.014731
76.4974498462 108.250318769 442.591152
75.6120246154 108.360996923 442.534134
66.7228578461 109.472142769 441.692675
61.9089156923 110.073885538 441.134783
60.5515938461 110.243550769 440.978839
58.6248344615 110.484395692 440.824754
58.0824896 110.5521888 440.764522
56.7070941538 110.724113231 440.580321
55.0986264615 110.925171692 440.337895
52.4119261538 111.261009231 440.01915
49.4397956923 111.632525538 439.749671
45.5186338461 112.122670769 439.295015
41.2115323077 112.661058462 438.85638
24.9775384615 114.690307692 437.1345816
19.4261686154 115.384228923 441.724707
17.8888787693 115.576390154 441.498543
-16.0230769231 119.815384615 434.5
181.525 100.2 463.0
140.165632123 105.369920985 457.34008
137.301555323 105.727930585 456.92705
121.254608862 107.733798892 451.487823
118.499556554 108.078180431 450.822393
104.041982154 109.885377231 447.151604
100.798452308 110.290818462 446.446848
95.9382529231 110.898343385 444.916201
90.7694652307 111.544441846 444.132324
78.7908510769 113.041768615 442.102356
76.7022455385 113.302844308 441.75206
72.7862824615 113.792339692 441.399398
64.0098246154 114.889396923 440.515642
60.7755255385 115.293684308 440.050126
55.01748 116.01344 439.476601
51.9536326154 116.396420923 439.1322
49.1445446154 116.747556923 438.760564
41.6595575385 117.683180308 437.889993
26.4577064616 119.583411692 436.37812
20.7268018462 120.299774769 441.211556
-15.3980769231 124.815384615 434.0
182.15 105.2 466.0
138.077121723 110.709109785 456.271572
133.814620308 111.241922462 455.067999
116.188114462 113.445235692 449.100086
112.512584615 113.904676923 448.213696
101.651824 115.262272 445.452761
97.146992 115.825376 444.492704
94.6746818462 116.134414769 443.708828
91.3970744616 116.544115692 443.203447
78.9223323077 118.103458462 441.396447
77.6519126154 118.262260923 441.175494
76.2843507692 118.433206154 441.039209
65.9380182154 119.726497723 439.78571
55.7540566154 120.999492923 438.607801
53.7758264616 121.246771692 438.392084
46.8893181538 122.107585231 437.474172
27.8662732308 124.485465846 435.6154737
23.5065932308 125.030425846 439.354679
-14.7730769231 129.815384615 434.0
182.775 110.2 465.0
135.191169354 116.147978831 454.211771
132.596254892 116.472343138 453.496408
123.280593108 117.636800862 450.83345
111.004129846 119.171358769 446.699743
99.2131833846 120.645227077 443.749631
93.2714233846 121.387947077 442.470466
63.1186012308 125.157049846 438.542361
57.4787636923 125.862029538 437.9334435
43.6110763077 127.595490462 436.2636385
29.3572424615 129.377219692 434.8723197
26.1929052308 129.772761846 437.5429373
-14.1480769231 134.815384615 434.0
183.4 115.2 463.0
132.303000615 121.587124923 452.130156
127.827716923 122.146535385 450.900743
112.813927385 124.023259077 446.62041
105.799917292 124.900010338 444.2806225
95.9722683077 126.128466462 441.873082
76.6395323077 128.545058462 439.450053
71.6896049231 129.163799385 438.720883
39.088448 133.238944 434.93436
30.747072 134.281616 434.105902
28.8794043077 134.515074462 435.7046757
-13.5230769231 139.815384615 434.0
184.025 120.2 461.0
129.417536615 127.025932923 450.065123
123.520827692 127.763021538 448.446955
102.340923692 130.410509538 442.430001
100.704453538 130.615068308 441.862131
98.5081704615 130.889603692 441.349234
78.0732756923 133.443965538 438.638151
56.3576030769 136.158424615 436.121238
35.1655095385 138.807436308 433.6404405
32.1939304615 139.178883692 433.3474123
31.5774529231 139.255943385 433.8725219
-12.8980769231 144.815384615 430.0
184.65 125.2 460.0
126.536926769 132.464134154 447.999176
100.965332923 135.660583385 440.7729845
78.2693969231 138.497575385 437.8594627
35.5660763077 143.835490462 432.8580906
-12.2730769231 149.815384615 430.0
185.275 130.2 457.5
123.619457846 137.906942769 445.928948
103.503455385 140.421443077 440.281778
80.3271501538 143.318481231 437.287185
40.7153249231 148.269959385 432.6457732
-11.6480769231 154.815384615 430.0
185.9 135.2 455.0
120.697134769 143.350358154 443.885119
106.204252062 145.161968492 439.823349
79.1496836923 148.543789538 436.23516
45.8374769231 152.707815385 432.453962
-11.0230769231 159.815384615 430.0
186.525 140.2 452.5
117.829625231 148.786921846 441.779885
108.923562462 149.900179692 439.300367
80.5766233846 153.443547077 435.5451055
51.0417852308 157.135401846 432.2265136
-10.3980769231 164.815384615 430.0
187.15 145.2 450.0
114.958059077 154.223992615 439.723028
111.642455385 154.638443077 438.797058
93.1777661538 156.946529231 436.3749056
81.2150535385 158.441868308 435.0815134
-9.77307692308 169.815384615 430.0
187.775 150.2 449.0
89.3134615385 162.507692308 436.0
-9.14807692308 174.815384615 430.0
188.4 155.2 448.0
89.9384615385 167.507692308 436.0
-8.52307692308 179.815384615 430.0
189.025 160.2 447.0
90.5634615385 172.507692308 436.0
-7.89807692308 184.815384615 430.0
189.65 165.2 446.0
91.1884615385 177.507692308 436.0
-7.27307692308 189.815384615 430.0